p cnf 137 629
-17 1 0
-17 2 0
-18 1 0
-18 3 0
-19 1 0
-19 4 0
-20 1 0
-20 5 0
-21 1 0
-21 6 0
-22 1 0
-22 7 0
-23 1 0
-23 8 0
-24 1 0
-24 9 0
-25 1 0
-25 10 0
-26 1 0
-26 11 0
-27 1 0
-27 12 0
-28 1 0
-28 13 0
-29 1 0
-29 14 0
-30 1 0
-30 15 0
-31 1 0
-31 16 0
-32 2 0
-32 3 0
-33 2 0
-33 4 0
-34 2 0
-34 5 0
-35 2 0
-35 6 0
-36 2 0
-36 7 0
-37 2 0
-37 8 0
-38 2 0
-38 9 0
-39 2 0
-39 10 0
-40 2 0
-40 11 0
-41 2 0
-41 12 0
-42 2 0
-42 13 0
-43 2 0
-43 14 0
-44 2 0
-44 15 0
-45 2 0
-45 16 0
-46 3 0
-46 4 0
-47 3 0
-47 5 0
-48 3 0
-48 6 0
-49 3 0
-49 7 0
-50 3 0
-50 8 0
-51 3 0
-51 9 0
-52 3 0
-52 10 0
-53 3 0
-53 11 0
-54 3 0
-54 12 0
-55 3 0
-55 13 0
-56 3 0
-56 14 0
-57 3 0
-57 15 0
-58 3 0
-58 16 0
-59 4 0
-59 5 0
-60 4 0
-60 6 0
-61 4 0
-61 7 0
-62 4 0
-62 8 0
-63 4 0
-63 9 0
-64 4 0
-64 10 0
-65 4 0
-65 11 0
-66 4 0
-66 12 0
-67 4 0
-67 13 0
-68 4 0
-68 14 0
-69 4 0
-69 15 0
-70 4 0
-70 16 0
-71 5 0
-71 6 0
-72 5 0
-72 7 0
-73 5 0
-73 8 0
-74 5 0
-74 9 0
-75 5 0
-75 10 0
-76 5 0
-76 11 0
-77 5 0
-77 12 0
-78 5 0
-78 13 0
-79 5 0
-79 14 0
-80 5 0
-80 15 0
-81 5 0
-81 16 0
-82 6 0
-82 7 0
-83 6 0
-83 8 0
-84 6 0
-84 9 0
-85 6 0
-85 10 0
-86 6 0
-86 11 0
-87 6 0
-87 12 0
-88 6 0
-88 13 0
-89 6 0
-89 14 0
-90 6 0
-90 15 0
-91 6 0
-91 16 0
-92 7 0
-92 8 0
-93 7 0
-93 9 0
-94 7 0
-94 10 0
-95 7 0
-95 11 0
-96 7 0
-96 12 0
-97 7 0
-97 13 0
-98 7 0
-98 14 0
-99 7 0
-99 15 0
-100 7 0
-100 16 0
-101 8 0
-101 9 0
-102 8 0
-102 10 0
-103 8 0
-103 11 0
-104 8 0
-104 12 0
-105 8 0
-105 13 0
-106 8 0
-106 14 0
-107 8 0
-107 15 0
-108 8 0
-108 16 0
-109 9 0
-109 10 0
-110 9 0
-110 11 0
-111 9 0
-111 12 0
-112 9 0
-112 13 0
-113 9 0
-113 14 0
-114 9 0
-114 15 0
-115 9 0
-115 16 0
-116 10 0
-116 11 0
-117 10 0
-117 12 0
-118 10 0
-118 13 0
-119 10 0
-119 14 0
-120 10 0
-120 15 0
-121 10 0
-121 16 0
-122 11 0
-122 12 0
-123 11 0
-123 13 0
-124 11 0
-124 14 0
-125 11 0
-125 15 0
-126 11 0
-126 16 0
-127 12 0
-127 13 0
-128 12 0
-128 14 0
-129 12 0
-129 15 0
-130 12 0
-130 16 0
-131 13 0
-131 14 0
-132 13 0
-132 15 0
-133 13 0
-133 16 0
-134 14 0
-134 15 0
-135 14 0
-135 16 0
-136 15 0
-136 16 0
-17 -18 0
-17 -20 0
-17 -24 0
-18 -20 0
-18 -24 0
-20 -24 0
-17 -33 0
-17 -35 0
-17 -39 0
-33 -35 0
-33 -39 0
-35 -39 0
-18 -46 0
-18 -49 0
-18 -53 0
-46 -49 0
-46 -53 0
-49 -53 0
-33 -46 0
-33 -62 0
-33 -66 0
-46 -62 0
-46 -66 0
-62 -66 0
-20 -71 0
-20 -72 0
-20 -78 0
-71 -72 0
-71 -78 0
-72 -78 0
-35 -71 0
-35 -83 0
-35 -89 0
-71 -83 0
-71 -89 0
-83 -89 0
-49 -72 0
-49 -92 0
-49 -99 0
-72 -92 0
-72 -99 0
-92 -99 0
-62 -83 0
-62 -92 0
-62 -108 0
-83 -92 0
-83 -108 0
-92 -108 0
-24 -109 0
-24 -110 0
-24 -112 0
-109 -110 0
-109 -112 0
-110 -112 0
-39 -109 0
-39 -117 0
-39 -119 0
-109 -117 0
-109 -119 0
-117 -119 0
-53 -110 0
-53 -122 0
-53 -125 0
-110 -122 0
-110 -125 0
-122 -125 0
-66 -117 0
-66 -122 0
-66 -130 0
-117 -122 0
-117 -130 0
-122 -130 0
-78 -112 0
-78 -131 0
-78 -132 0
-112 -131 0
-112 -132 0
-131 -132 0
-89 -119 0
-89 -131 0
-89 -135 0
-119 -131 0
-119 -135 0
-131 -135 0
-99 -125 0
-99 -132 0
-99 -136 0
-125 -132 0
-125 -136 0
-132 -136 0
-108 -130 0
-108 -135 0
-108 -136 0
-130 -135 0
-130 -136 0
-135 -136 0
-1 17 18 20 24 0
-2 17 33 35 39 0
-3 18 46 49 53 0
-4 33 46 62 66 0
-5 20 71 72 78 0
-6 35 71 83 89 0
-7 49 72 92 99 0
-8 62 83 92 108 0
-9 24 109 110 112 0
-10 39 109 117 119 0
-11 53 110 122 125 0
-12 66 117 122 130 0
-13 78 112 131 132 0
-14 89 119 131 135 0
-15 99 125 132 136 0
-16 108 130 135 136 0
1 2 0
1 3 0
1 5 0
1 9 0
2 4 0
2 6 0
2 10 0
3 4 0
3 7 0
3 11 0
4 8 0
4 12 0
5 6 0
5 7 0
5 13 0
6 8 0
6 14 0
7 8 0
7 15 0
8 16 0
9 10 0
9 11 0
9 13 0
10 12 0
10 14 0
11 12 0
11 15 0
12 16 0
13 14 0
13 15 0
14 16 0
15 16 0
-17 0
-18 0
-20 0
-24 0
-137 0
-2 -3 -5 -6 -7 -8 -9 -10 -11 -12 -13 -16 -35 -49 -78 -108 -110 -117 137 0
-2 -3 -5 -6 -7 -8 -9 -10 -11 -12 -13 -16 -35 -53 -72 -108 -112 -117 137 0
-2 -3 -4 -5 -6 -7 -8 -9 -10 -11 -12 -13 -15 -16 -35 -46 -72 -108 -112 -117 -125 137 0
-2 -3 -4 -5 -6 -7 -9 -10 -12 -13 -15 -16 -35 -46 -72 -112 -117 -136 137 0
-2 -3 -4 -5 -6 -7 -9 -10 -12 -13 -15 -16 -39 -46 -71 -99 -112 -130 137 0
-2 -3 -4 -5 -6 -7 -9 -10 -11 -12 -13 -14 -15 -16 -39 -46 -71 -99 -112 -122 -135 137 0
-2 -3 -4 -5 -6 -7 -8 -9 -10 -11 -12 -13 -15 -16 -39 -46 -71 -99 -108 -112 -122 137 0
-2 -3 -4 -5 -6 -7 -8 -9 -10 -11 -12 -13 -15 -16 -39 -46 -71 -92 -112 -122 -136 137 0
-2 -3 -4 -5 -6 -7 -8 -9 -10 -11 -12 -13 -15 -16 -39 -46 -71 -92 -112 -125 -130 137 0
-2 -3 -4 -5 -6 -7 -8 -9 -10 -11 -12 -13 -15 -16 -39 -46 -72 -83 -112 -122 -136 137 0
-2 -3 -4 -5 -6 -7 -9 -10 -11 -12 -13 -14 -15 -16 -39 -46 -72 -89 -112 -122 -136 137 0
-2 -3 -4 -5 -6 -7 -9 -10 -11 -12 -13 -14 -15 -16 -35 -46 -72 -112 -119 -122 -136 137 0
-2 -3 -4 -5 -6 -7 -9 -10 -11 -12 -13 -14 -15 -16 -35 -46 -72 -112 -119 -125 -130 137 0
-2 -3 -4 -5 -6 -7 -9 -10 -11 -12 -13 -14 -15 -16 -35 -46 -72 -112 -117 -125 -135 137 0
-2 -3 -4 -5 -6 -7 -8 -9 -10 -11 -12 -13 -14 -16 -35 -53 -62 -72 -112 -117 -135 137 0
-2 -3 -4 -5 -6 -7 -8 -9 -10 -11 -12 -13 -14 -16 -35 -53 -66 -72 -108 -112 -119 137 0
-2 -3 -4 -5 -6 -7 -8 -9 -10 -11 -12 -13 -15 -16 -39 -49 -66 -71 -108 -112 -125 137 0
-2 -3 -4 -5 -6 -7 -8 -9 -10 -11 -12 -13 -15 -16 -39 -53 -66 -71 -99 -108 -112 137 0
-2 -3 -4 -5 -6 -7 -8 -9 -10 -11 -12 -13 -14 -16 -39 -53 -66 -72 -89 -108 -112 137 0
-2 -3 -4 -5 -6 -7 -8 -9 -10 -11 -12 -13 -14 -16 -33 -53 -72 -89 -108 -112 -117 137 0
-2 -3 -4 -5 -6 -7 -8 -9 -10 -11 -12 -13 -15 -16 -33 -53 -71 -99 -108 -112 -117 137 0
-2 -3 -4 -5 -6 -7 -8 -9 -10 -11 -12 -13 -15 -16 -33 -49 -71 -108 -112 -117 -125 137 0
-2 -3 -4 -5 -6 -7 -8 -9 -10 -11 -12 -13 -14 -16 -33 -49 -71 -108 -112 -119 -122 137 0
-2 -3 -4 -5 -6 -7 -8 -9 -10 -11 -12 -13 -14 -16 -39 -53 -62 -72 -89 -112 -130 137 0
-2 -3 -5 -6 -7 -8 -9 -10 -11 -12 -13 -16 -39 -53 -72 -83 -112 -130 137 0
-2 -3 -4 -5 -6 -7 -8 -9 -10 -11 -12 -13 -15 -16 -39 -53 -66 -72 -83 -112 -136 137 0
-2 -3 -4 -5 -6 -7 -8 -9 -10 -11 -12 -13 -14 -16 -39 -53 -66 -72 -83 -112 -135 137 0
-2 -3 -4 -5 -6 -7 -8 -9 -10 -11 -12 -13 -14 -16 -33 -53 -72 -83 -112 -119 -130 137 0
-2 -3 -4 -5 -6 -7 -8 -9 -10 -11 -12 -13 -14 -16 -33 -53 -72 -83 -112 -117 -135 137 0
-2 -3 -4 -5 -6 -7 -8 -9 -10 -11 -12 -13 -15 -16 -33 -53 -72 -83 -112 -117 -136 137 0
-2 -3 -4 -5 -6 -7 -8 -9 -10 -11 -12 -13 -15 -16 -33 -53 -72 -83 -109 -130 -132 137 0
-2 -3 -4 -5 -6 -7 -8 -9 -10 -11 -12 -13 -15 -16 -33 -53 -78 -83 -99 -109 -130 137 0
-2 -3 -4 -5 -6 -7 -8 -9 -10 -11 -12 -13 -14 -16 -33 -53 -72 -83 -109 -130 -131 137 0
-2 -3 -4 -5 -6 -7 -8 -9 -10 -11 -12 -13 -15 -16 -33 -49 -78 -83 -109 -125 -130 137 0
-2 -3 -4 -5 -6 -7 -8 -9 -10 -11 -12 -13 -14 -16 -33 -49 -78 -83 -110 -119 -130 137 0
-2 -3 -4 -5 -6 -7 -8 -9 -10 -11 -12 -13 -15 -16 -33 -49 -78 -83 -110 -117 -136 137 0
-2 -3 -4 -5 -6 -7 -8 -9 -10 -11 -12 -13 -14 -16 -33 -49 -78 -83 -110 -117 -135 137 0
-2 -3 -4 -5 -6 -7 -8 -9 -10 -11 -12 -13 -15 -16 -33 -49 -78 -83 -109 -122 -136 137 0
-2 -3 -4 -5 -6 -7 -8 -9 -10 -11 -12 -13 -14 -16 -33 -49 -78 -83 -109 -122 -135 137 0
-2 -3 -4 -5 -6 -7 -8 -9 -10 -11 -12 -13 -14 -16 -33 -49 -78 -89 -108 -109 -122 137 0
-2 -3 -4 -5 -6 -7 -8 -9 -10 -11 -12 -13 -14 -16 -35 -49 -62 -78 -109 -122 -135 137 0
-2 -3 -4 -5 -6 -7 -8 -9 -10 -11 -12 -13 -15 -16 -35 -49 -62 -78 -109 -122 -136 137 0
-2 -3 -5 -6 -7 -8 -9 -10 -11 -12 -13 -16 -35 -49 -78 -108 -109 -122 137 0
-2 -3 -4 -5 -6 -7 -9 -10 -11 -12 -13 -14 -15 -16 -33 -49 -78 -89 -109 -122 -136 137 0
-2 -3 -4 -5 -6 -7 -9 -10 -11 -12 -13 -14 -15 -16 -35 -46 -78 -99 -109 -122 -135 137 0
-2 -3 -4 -5 -6 -7 -8 -9 -10 -11 -12 -13 -14 -16 -35 -46 -78 -92 -109 -122 -135 137 0
-2 -3 -4 -5 -6 -7 -8 -9 -10 -11 -12 -13 -15 -16 -35 -46 -78 -92 -109 -122 -136 137 0
-2 -3 -4 -5 -6 -7 -8 -9 -10 -11 -12 -13 -15 -16 -35 -46 -78 -99 -108 -109 -122 137 0
-2 -3 -4 -5 -6 -7 -9 -10 -11 -12 -13 -14 -15 -16 -33 -49 -71 -109 -122 -132 -135 137 0
-2 -3 -4 -5 -6 -7 -9 -10 -11 -12 -13 -14 -15 -16 -33 -49 -71 -109 -122 -131 -136 137 0
-2 -3 -4 -5 -6 -7 -8 -9 -10 -11 -12 -13 -14 -16 -33 -49 -71 -108 -109 -122 -131 137 0
-2 -3 -4 -5 -6 -7 -8 -9 -10 -11 -12 -13 -15 -16 -33 -49 -71 -108 -109 -122 -132 137 0
-2 -3 -4 -5 -6 -7 -8 -9 -10 -11 -12 -13 -15 -16 -35 -46 -72 -108 -109 -122 -132 137 0
-2 -3 -4 -5 -6 -7 -8 -9 -10 -11 -12 -13 -14 -16 -35 -46 -72 -108 -109 -122 -131 137 0
-2 -3 -4 -5 -6 -7 -9 -10 -11 -12 -13 -14 -15 -16 -35 -46 -72 -109 -122 -131 -136 137 0
-2 -3 -4 -5 -6 -7 -9 -10 -11 -12 -13 -14 -15 -16 -35 -46 -72 -109 -122 -132 -135 137 0
-2 -3 -4 -5 -6 -7 -8 -9 -10 -11 -12 -13 -14 -16 -33 -53 -71 -92 -109 -130 -131 137 0
-2 -3 -4 -5 -6 -7 -9 -10 -11 -12 -13 -14 -15 -16 -33 -53 -71 -99 -109 -130 -131 137 0
-2 -3 -4 -5 -6 -7 -9 -10 -11 -12 -13 -14 -15 -16 -33 -49 -71 -109 -125 -130 -131 137 0
-2 -3 -4 -5 -6 -7 -9 -10 -11 -12 -13 -14 -15 -16 -35 -53 -66 -72 -109 -131 -136 137 0
-2 -3 -4 -5 -6 -7 -8 -9 -10 -11 -12 -13 -14 -16 -35 -53 -66 -72 -108 -109 -131 137 0
-2 -3 -4 -5 -6 -7 -8 -9 -10 -11 -12 -13 -14 -16 -35 -53 -62 -72 -109 -130 -131 137 0
-2 -3 -4 -5 -6 -7 -9 -10 -11 -12 -13 -14 -15 -16 -33 -53 -72 -89 -109 -130 -132 137 0
-2 -3 -4 -5 -6 -7 -9 -11 -12 -13 -14 -16 -33 -53 -72 -89 -112 -130 137 0
-2 -3 -4 -5 -6 -7 -9 -10 -11 -12 -13 -14 -15 -16 -33 -53 -72 -89 -112 -117 -136 137 0
-2 -3 -4 -5 -6 -7 -9 -10 -11 -12 -13 -14 -15 -16 -33 -53 -71 -99 -112 -117 -135 137 0
-2 -3 -4 -5 -6 -7 -8 -9 -10 -11 -12 -13 -14 -16 -33 -53 -71 -92 -112 -117 -135 137 0
-2 -3 -4 -5 -6 -7 -8 -9 -10 -11 -12 -13 -15 -16 -33 -53 -71 -92 -112 -117 -136 137 0
-2 -3 -4 -5 -6 -7 -8 -9 -10 -11 -12 -13 -14 -16 -33 -53 -71 -92 -112 -119 -130 137 0
-2 -3 -4 -5 -6 -7 -9 -10 -11 -12 -13 -14 -15 -16 -33 -53 -71 -99 -112 -119 -130 137 0
-2 -3 -4 -5 -6 -7 -9 -10 -11 -12 -13 -14 -15 -16 -33 -53 -78 -89 -99 -109 -130 137 0
-2 -3 -4 -5 -6 -7 -8 -9 -10 -11 -12 -13 -14 -16 -33 -53 -78 -89 -92 -109 -130 137 0
-2 -3 -4 -5 -6 -7 -9 -10 -11 -12 -13 -14 -15 -16 -33 -49 -78 -89 -109 -125 -130 137 0
-2 -3 -4 -5 -6 -7 -9 -10 -11 -12 -13 -14 -15 -16 -33 -49 -71 -110 -119 -130 -132 137 0
-2 -3 -4 -5 -6 -7 -9 -10 -11 -12 -13 -14 -15 -16 -33 -49 -71 -112 -119 -125 -130 137 0
-2 -3 -4 -5 -6 -7 -9 -10 -11 -12 -13 -14 -15 -16 -33 -49 -71 -112 -119 -122 -136 137 0
-2 -3 -4 -5 -6 -7 -8 -9 -10 -11 -12 -13 -14 -16 -35 -46 -72 -108 -112 -119 -122 137 0
-2 -3 -4 -5 -6 -7 -8 -9 -10 -11 -12 -13 -14 -16 -35 -53 -62 -72 -112 -119 -130 137 0
-2 -3 -5 -6 -7 -8 -9 -10 -11 -12 -13 -16 -39 -53 -71 -92 -112 -130 137 0
-2 -3 -4 -5 -6 -7 -8 -9 -10 -11 -12 -13 -15 -16 -39 -53 -62 -71 -99 -112 -130 137 0
-2 -3 -4 -5 -6 -7 -8 -9 -10 -11 -12 -13 -15 -16 -39 -49 -62 -71 -112 -125 -130 137 0
-2 -3 -4 -5 -6 -7 -8 -9 -10 -11 -12 -13 -14 -16 -39 -53 -66 -71 -92 -112 -135 137 0
-2 -3 -4 -5 -6 -7 -8 -9 -10 -11 -12 -13 -14 -16 -39 -46 -72 -83 -112 -122 -135 137 0
-2 -3 -4 -5 -6 -7 -8 -9 -10 -11 -12 -13 -14 -16 -39 -46 -72 -89 -108 -112 -122 137 0
-2 -3 -5 -6 -7 -8 -9 -10 -11 -12 -13 -16 -39 -49 -71 -108 -112 -122 137 0
-2 -3 -4 -5 -6 -7 -8 -9 -10 -11 -12 -13 -15 -16 -35 -53 -62 -72 -112 -117 -136 137 0
-2 -3 -4 -5 -6 -7 -9 -10 -12 -13 -15 -16 -33 -49 -71 -112 -117 -136 137 0
-2 -3 -4 -5 -6 -7 -9 -10 -11 -12 -13 -14 -15 -16 -35 -53 -66 -72 -112 -119 -136 137 0
-2 -3 -4 -5 -6 -7 -9 -10 -11 -12 -13 -14 -15 -16 -39 -53 -66 -72 -89 -112 -136 137 0
-2 -3 -4 -5 -6 -7 -8 -9 -10 -11 -12 -13 -15 -16 -39 -53 -66 -71 -92 -112 -136 137 0
-2 -3 -4 -5 -6 -7 -9 -10 -12 -13 -15 -16 -39 -49 -66 -71 -112 -136 137 0
-2 -3 -4 -5 -6 -7 -8 -9 -10 -11 -12 -13 -15 -16 -39 -49 -62 -71 -112 -122 -136 137 0
-2 -3 -4 -5 -6 -7 -8 -9 -10 -11 -12 -13 -15 -16 -39 -46 -72 -83 -112 -125 -130 137 0
-2 -3 -4 -5 -6 -7 -9 -10 -11 -12 -13 -14 -15 -16 -39 -46 -72 -89 -112 -125 -130 137 0
-2 -3 -4 -5 -6 -7 -8 -9 -10 -11 -12 -13 -14 -16 -39 -46 -71 -92 -112 -122 -135 137 0
-2 -3 -4 -5 -6 -7 -8 -9 -10 -11 -12 -13 -14 -16 -39 -49 -62 -71 -112 -122 -135 137 0
-2 -3 -4 -5 -6 -7 -8 -9 -10 -11 -12 -13 -15 -16 -39 -49 -66 -71 -108 -110 -132 137 0
-2 -3 -4 -5 -6 -7 -8 -9 -10 -11 -12 -13 -14 -16 -39 -49 -66 -71 -108 -110 -131 137 0
-2 -3 -4 -5 -6 -7 -8 -9 -10 -11 -12 -13 -15 -16 -39 -49 -62 -71 -110 -130 -132 137 0
-2 -3 -4 -5 -6 -7 -8 -9 -10 -11 -12 -13 -15 -16 -39 -46 -71 -92 -110 -130 -132 137 0
-2 -3 -4 -5 -6 -7 -8 -9 -10 -11 -12 -13 -15 -16 -33 -49 -71 -108 -110 -117 -132 137 0
-2 -3 -4 -5 -6 -7 -8 -9 -10 -11 -12 -13 -15 -16 -33 -53 -71 -92 -109 -130 -132 137 0
-2 -3 -4 -5 -6 -7 -8 -9 -10 -11 -12 -13 -15 -16 -35 -53 -62 -78 -99 -109 -130 137 0
-2 -3 -4 -5 -6 -7 -8 -9 -10 -11 -12 -13 -15 -16 -35 -53 -66 -78 -99 -108 -109 137 0
-2 -3 -4 -5 -6 -7 -9 -10 -11 -12 -13 -14 -15 -16 -35 -53 -66 -78 -99 -109 -135 137 0
-2 -3 -4 -5 -6 -7 -9 -10 -11 -12 -13 -14 -15 -16 -35 -53 -66 -72 -109 -132 -135 137 0
-2 -3 -4 -5 -6 -7 -8 -9 -10 -11 -12 -13 -15 -16 -35 -53 -66 -72 -108 -109 -132 137 0
-2 -3 -4 -5 -6 -7 -8 -9 -10 -11 -12 -13 -15 -16 -35 -53 -62 -72 -109 -130 -132 137 0
-2 -3 -4 -5 -6 -7 -8 -9 -10 -11 -12 -13 -15 -16 -35 -53 -66 -78 -92 -109 -136 137 0
-2 -3 -4 -5 -6 -7 -8 -9 -10 -11 -12 -13 -15 -16 -35 -49 -66 -78 -108 -109 -125 137 0
-2 -3 -4 -5 -6 -7 -8 -9 -10 -11 -12 -13 -15 -16 -35 -49 -62 -78 -109 -125 -130 137 0
-2 -3 -4 -5 -6 -7 -8 -9 -10 -11 -12 -13 -15 -16 -35 -46 -78 -92 -109 -125 -130 137 0
-2 -3 -4 -5 -6 -7 -8 -9 -10 -11 -12 -13 -14 -16 -35 -53 -66 -78 -92 -109 -135 137 0
-2 -3 -4 -5 -6 -7 -8 -9 -10 -11 -12 -13 -14 -16 -35 -46 -78 -92 -110 -117 -135 137 0
-2 -3 -4 -5 -6 -7 -8 -9 -10 -11 -12 -13 -15 -16 -35 -46 -78 -92 -110 -117 -136 137 0
-2 -3 -4 -5 -6 -7 -8 -9 -10 -11 -12 -13 -15 -16 -35 -46 -78 -99 -108 -110 -117 137 0
-2 -3 -4 -5 -6 -7 -8 -9 -10 -11 -12 -13 -15 -16 -35 -49 -62 -78 -110 -117 -136 137 0
-2 -3 -4 -5 -6 -7 -8 -9 -10 -11 -12 -13 -14 -16 -35 -49 -62 -78 -110 -117 -135 137 0
-2 -3 -4 -5 -6 -7 -9 -10 -11 -12 -13 -14 -15 -16 -35 -46 -78 -99 -110 -117 -135 137 0
-2 -3 -4 -5 -6 -7 -9 -10 -11 -12 -13 -14 -15 -16 -35 -46 -78 -99 -110 -119 -130 137 0
-2 -3 -4 -5 -6 -7 -9 -10 -11 -12 -13 -14 -15 -16 -35 -49 -66 -78 -109 -125 -135 137 0
-2 -3 -4 -5 -6 -7 -9 -10 -11 -12 -13 -14 -15 -16 -35 -49 -66 -78 -110 -119 -136 137 0
-2 -3 -4 -5 -6 -7 -8 -9 -10 -11 -12 -13 -14 -16 -35 -49 -66 -78 -108 -110 -119 137 0
-2 -3 -4 -5 -6 -7 -8 -9 -10 -11 -12 -13 -14 -16 -35 -49 -62 -78 -110 -119 -130 137 0
-2 -3 -4 -5 -6 -7 -9 -11 -12 -13 -14 -16 -35 -49 -66 -78 -110 -135 137 0
-2 -3 -4 -5 -6 -7 -8 -9 -10 -11 -12 -13 -14 -16 -35 -46 -78 -92 -110 -119 -130 137 0
-2 -3 -4 -5 -6 -7 -8 -9 -10 -11 -12 -13 -14 -16 -35 -46 -72 -108 -110 -117 -131 137 0
-2 -3 -4 -5 -6 -7 -8 -9 -10 -11 -12 -13 -15 -16 -35 -46 -72 -108 -110 -117 -132 137 0
-2 -3 -4 -5 -6 -7 -8 -9 -10 -11 -12 -13 -14 -16 -39 -46 -72 -83 -110 -130 -131 137 0
-2 -3 -4 -5 -6 -7 -8 -9 -10 -11 -12 -13 -15 -16 -39 -46 -72 -83 -110 -130 -132 137 0
-2 -3 -4 -5 -6 -7 -8 -9 -10 -11 -12 -13 -14 -16 -39 -46 -71 -92 -110 -130 -131 137 0
-2 -3 -4 -5 -6 -7 -8 -9 -10 -11 -12 -13 -14 -16 -39 -49 -62 -71 -110 -130 -131 137 0
-2 -3 -4 -5 -6 -7 -8 -9 -10 -11 -12 -13 -14 -16 -33 -49 -71 -108 -110 -117 -131 137 0
-2 -3 -4 -5 -6 -7 -8 -9 -10 -11 -12 -13 -14 -16 -33 -49 -78 -89 -108 -110 -117 137 0
-2 -3 -4 -5 -6 -7 -8 -9 -10 -11 -12 -13 -14 -16 -39 -49 -62 -78 -89 -110 -130 137 0
-2 -3 -4 -5 -6 -7 -8 -9 -10 -11 -12 -13 -14 -16 -39 -49 -66 -78 -89 -108 -110 137 0
-2 -3 -4 -5 -6 -7 -8 -9 -10 -11 -12 -13 -14 -16 -39 -49 -66 -78 -83 -110 -135 137 0
-2 -3 -4 -5 -6 -7 -8 -9 -10 -11 -12 -13 -15 -16 -39 -49 -66 -78 -83 -110 -136 137 0
-2 -3 -4 -5 -6 -7 -8 -9 -10 -11 -12 -13 -15 -16 -39 -46 -78 -83 -99 -110 -130 137 0
-2 -3 -4 -5 -6 -7 -8 -9 -10 -11 -12 -13 -14 -16 -39 -46 -78 -89 -92 -110 -130 137 0
-2 -3 -4 -5 -6 -7 -8 -9 -10 -11 -13 -14 -15 -16 -35 -46 -78 -99 -108 -110 -119 137 0
-2 -3 -4 -5 -6 -7 -8 -9 -10 -11 -13 -14 -15 -16 -35 -53 -62 -78 -99 -109 -135 137 0
-2 -3 -4 -5 -6 -7 -8 -9 -10 -11 -13 -14 -15 -16 -33 -53 -78 -89 -99 -108 -109 137 0
-2 -3 -4 -5 -6 -7 -8 -9 -10 -11 -13 -14 -15 -16 -33 -53 -78 -83 -99 -109 -135 137 0
-2 -3 -4 -5 -6 -7 -8 -9 -10 -11 -13 -14 -15 -16 -39 -46 -78 -83 -99 -110 -135 137 0
-2 -3 -4 -5 -6 -7 -8 -9 -10 -11 -13 -14 -15 -16 -39 -46 -78 -89 -99 -108 -110 137 0
-2 -3 -4 -5 -6 -7 -9 -10 -12 -13 -15 -16 -35 -46 -78 -99 -109 -130 137 0
-2 -3 -4 -5 -6 -7 -9 -10 -12 -13 -15 -16 -35 -49 -66 -78 -109 -136 137 0
-2 -3 -4 -5 -6 -7 -9 -10 -11 -12 -13 -14 -15 -16 -33 -49 -78 -89 -110 -117 -136 137 0
-2 -3 -4 -5 -6 -7 -9 -10 -11 -12 -13 -14 -15 -16 -39 -49 -66 -78 -89 -110 -136 137 0
-2 -3 -4 -5 -6 -7 -9 -10 -11 -12 -13 -14 -15 -16 -39 -46 -78 -89 -99 -110 -130 137 0
-2 -3 -4 -5 -6 -7 -9 -10 -11 -12 -13 -14 -15 -16 -39 -46 -71 -99 -110 -130 -131 137 0
-2 -3 -4 -5 -6 -7 -9 -10 -11 -12 -13 -14 -15 -16 -35 -46 -72 -110 -119 -130 -132 137 0
-2 -3 -4 -5 -6 -7 -9 -10 -11 -12 -13 -14 -15 -16 -35 -46 -72 -109 -125 -130 -131 137 0
-2 -3 -4 -5 -6 -7 -9 -11 -12 -13 -14 -16 -35 -46 -72 -110 -130 -131 137 0
-2 -3 -4 -5 -6 -7 -9 -11 -12 -13 -14 -16 -35 -53 -66 -72 -112 -135 137 0
-2 -3 -4 -5 -6 -7 -9 -10 -11 -12 -13 -14 -15 -16 -35 -46 -72 -110 -117 -132 -135 137 0
-2 -3 -4 -5 -6 -7 -9 -10 -11 -12 -13 -14 -15 -16 -35 -46 -72 -110 -117 -131 -136 137 0
-2 -3 -4 -5 -6 -7 -9 -11 -12 -13 -14 -16 -35 -46 -72 -112 -122 -135 137 0
-2 -3 -4 -5 -6 -7 -8 -9 -10 -11 -13 -14 -15 -16 -35 -53 -62 -72 -109 -132 -135 137 0
-2 -3 -4 -5 -6 -7 -8 -9 -10 -11 -13 -14 -15 -16 -33 -53 -71 -92 -109 -132 -135 137 0
-2 -3 -4 -5 -6 -7 -8 -9 -10 -11 -13 -14 -15 -16 -39 -46 -71 -92 -110 -132 -135 137 0
-2 -3 -4 -5 -6 -7 -8 -9 -10 -11 -13 -14 -15 -16 -39 -49 -62 -71 -110 -132 -135 137 0
-2 -3 -4 -5 -6 -7 -8 -9 -10 -11 -13 -14 -15 -16 -33 -49 -71 -108 -110 -119 -132 137 0
-2 -3 -4 -5 -6 -7 -8 -9 -10 -11 -13 -14 -15 -16 -33 -49 -71 -108 -112 -119 -125 137 0
-2 -3 -4 -5 -6 -7 -8 -9 -10 -11 -13 -14 -15 -16 -33 -49 -71 -108 -109 -125 -131 137 0
-2 -3 -4 -5 -6 -7 -8 -9 -10 -11 -13 -14 -15 -16 -39 -49 -62 -71 -110 -131 -136 137 0
-2 -3 -4 -5 -6 -7 -8 -9 -10 -11 -13 -14 -15 -16 -39 -49 -62 -71 -112 -125 -135 137 0
-2 -3 -4 -5 -6 -7 -8 -9 -10 -11 -13 -14 -15 -16 -39 -49 -62 -78 -89 -110 -136 137 0
-2 -3 -4 -5 -6 -7 -8 -9 -10 -11 -13 -14 -15 -16 -35 -49 -62 -78 -110 -119 -136 137 0
-2 -3 -4 -5 -6 -7 -8 -9 -10 -11 -13 -14 -15 -16 -33 -49 -78 -83 -110 -119 -136 137 0
-2 -3 -4 -5 -6 -7 -8 -9 -10 -11 -13 -14 -15 -16 -33 -49 -78 -83 -109 -125 -135 137 0
-2 -3 -4 -5 -6 -7 -8 -9 -10 -11 -13 -14 -15 -16 -33 -49 -78 -89 -108 -109 -125 137 0
-2 -3 -4 -5 -6 -7 -8 -9 -10 -11 -13 -14 -15 -16 -35 -49 -62 -78 -109 -125 -135 137 0
-2 -3 -4 -5 -6 -7 -8 -9 -10 -11 -13 -14 -15 -16 -35 -46 -78 -92 -109 -125 -135 137 0
-2 -3 -4 -5 -6 -7 -8 -9 -10 -11 -13 -14 -15 -16 -35 -46 -78 -92 -110 -119 -136 137 0
-2 -3 -4 -5 -6 -7 -8 -9 -10 -11 -13 -14 -15 -16 -39 -46 -78 -89 -92 -110 -136 137 0
-2 -3 -4 -5 -6 -7 -8 -9 -10 -11 -13 -14 -15 -16 -39 -46 -71 -92 -110 -131 -136 137 0
-2 -3 -4 -5 -6 -7 -8 -9 -10 -11 -13 -14 -15 -16 -39 -46 -72 -83 -110 -131 -136 137 0
-2 -3 -4 -5 -6 -7 -8 -9 -10 -11 -13 -14 -15 -16 -39 -46 -72 -83 -110 -132 -135 137 0
-2 -3 -4 -5 -6 -7 -8 -9 -10 -11 -13 -14 -15 -16 -39 -46 -72 -89 -108 -110 -132 137 0
-2 -3 -4 -5 -6 -7 -8 -9 -10 -11 -13 -14 -15 -16 -39 -46 -71 -99 -108 -110 -131 137 0
-2 -3 -4 -5 -6 -7 -8 -9 -10 -11 -13 -14 -15 -16 -39 -46 -71 -92 -112 -125 -135 137 0
-2 -3 -4 -5 -6 -7 -8 -9 -10 -11 -13 -14 -15 -16 -39 -46 -72 -89 -108 -112 -125 137 0
-2 -3 -4 -5 -6 -7 -8 -9 -10 -11 -13 -14 -15 -16 -39 -46 -72 -83 -112 -125 -135 137 0
-2 -3 -4 -5 -6 -7 -8 -9 -10 -11 -13 -14 -15 -16 -39 -53 -62 -72 -89 -112 -136 137 0
-2 -3 -4 -5 -6 -7 -8 -9 -10 -11 -13 -14 -15 -16 -39 -53 -62 -71 -99 -112 -135 137 0
-2 -3 -4 -5 -6 -7 -8 -9 -10 -11 -13 -14 -15 -16 -33 -53 -71 -99 -108 -112 -119 137 0
-2 -3 -4 -5 -6 -7 -8 -9 -10 -11 -13 -14 -15 -16 -33 -53 -71 -92 -112 -119 -136 137 0
-2 -3 -4 -5 -6 -7 -8 -9 -10 -11 -13 -14 -15 -16 -33 -53 -72 -83 -112 -119 -136 137 0
-2 -3 -4 -5 -6 -7 -8 -9 -10 -11 -13 -14 -15 -16 -35 -53 -62 -72 -112 -119 -136 137 0
-2 -3 -4 -5 -6 -7 -8 -9 -10 -11 -13 -14 -15 -16 -35 -46 -72 -108 -112 -119 -125 137 0
-2 -3 -4 -5 -6 -7 -8 -9 -10 -11 -13 -14 -15 -16 -35 -46 -72 -108 -110 -119 -132 137 0
-2 -3 -4 -5 -6 -7 -8 -9 -10 -11 -13 -14 -15 -16 -35 -46 -72 -108 -109 -125 -131 137 0
-2 -3 -4 -5 -6 -7 -8 -9 -10 -11 -13 -14 -15 -16 -35 -53 -62 -72 -109 -131 -136 137 0
-2 -3 -4 -5 -6 -7 -8 -9 -10 -11 -13 -14 -15 -16 -33 -53 -72 -83 -109 -132 -135 137 0
-2 -3 -4 -5 -6 -7 -8 -9 -10 -11 -13 -14 -15 -16 -33 -53 -72 -89 -108 -109 -132 137 0
-2 -3 -4 -5 -6 -7 -8 -9 -10 -11 -13 -14 -15 -16 -33 -53 -72 -83 -109 -131 -136 137 0
-2 -3 -4 -5 -6 -7 -8 -9 -10 -11 -13 -14 -15 -16 -33 -53 -71 -92 -109 -131 -136 137 0
-2 -3 -4 -5 -6 -7 -8 -9 -10 -11 -13 -14 -15 -16 -33 -53 -71 -99 -108 -109 -131 137 0
-2 -3 -4 -5 -6 -7 -8 -9 -10 -11 -13 -14 -15 -16 -33 -53 -78 -89 -92 -109 -136 137 0
-2 -3 -4 -5 -7 -8 -9 -10 -11 -13 -14 -16 -39 -49 -62 -78 -110 -135 137 0
-2 -3 -4 -5 -7 -8 -9 -10 -11 -13 -14 -16 -33 -49 -78 -108 -110 -119 137 0
-2 -3 -4 -5 -6 -8 -9 -10 -11 -13 -15 -16 -39 -46 -78 -83 -110 -136 137 0
-2 -3 -4 -5 -6 -8 -9 -10 -11 -13 -15 -16 -39 -46 -71 -108 -110 -132 137 0
-2 -3 -4 -5 -6 -8 -9 -10 -11 -13 -15 -16 -39 -46 -71 -108 -112 -125 137 0
-2 -3 -4 -5 -6 -8 -9 -10 -11 -13 -15 -16 -39 -53 -62 -71 -112 -136 137 0
-2 -3 -4 -5 -6 -8 -9 -10 -11 -13 -15 -16 -35 -46 -78 -108 -109 -125 137 0
-2 -3 -4 -5 -6 -8 -9 -10 -11 -13 -15 -16 -35 -53 -62 -78 -109 -136 137 0
-2 -3 -4 -5 -6 -8 -9 -10 -11 -13 -15 -16 -33 -53 -78 -83 -109 -136 137 0
-2 -3 -5 -6 -7 -8 -9 -10 -11 -12 -13 -16 -39 -49 -78 -83 -110 -130 137 0
-2 -3 -5 -6 -7 -8 -9 -10 -11 -12 -13 -16 -35 -53 -78 -92 -109 -130 137 0
-2 -3 -4 -5 -7 -8 -9 -10 -11 -13 -14 -16 -39 -46 -72 -108 -110 -131 137 0
-2 -3 -4 -5 -7 -8 -9 -10 -11 -13 -14 -16 -39 -53 -62 -72 -112 -135 137 0
-2 -3 -4 -5 -7 -8 -9 -10 -11 -13 -14 -16 -33 -53 -72 -108 -112 -119 137 0
-2 -3 -4 -5 -6 -8 -9 -10 -11 -13 -15 -16 -33 -53 -71 -108 -109 -132 137 0
-2 -3 -4 -5 -7 -8 -9 -10 -11 -13 -14 -16 -39 -46 -78 -92 -110 -135 137 0
-2 -3 -4 -5 -7 -8 -9 -10 -11 -13 -14 -16 -33 -53 -78 -92 -109 -135 137 0
-2 -3 -4 -5 -7 -8 -9 -10 -11 -13 -14 -16 -33 -53 -72 -108 -109 -131 137 0
-2 -3 -4 -5 -6 -7 -9 -10 -11 -14 -15 -16 -33 -49 -71 -110 -119 -136 137 0
-2 -3 -4 -5 -6 -7 -9 -10 -11 -14 -15 -16 -35 -46 -72 -110 -119 -136 137 0
-2 -3 -4 -5 -6 -7 -9 -10 -11 -12 -13 -14 -15 -16 -33 -49 -71 -112 -117 -125 -135 137 0
-2 -3 -4 -5 -6 -7 -9 -11 -12 -13 -14 -16 -33 -49 -71 -112 -122 -135 137 0
-2 -3 -4 -5 -6 -7 -9 -10 -11 -12 -13 -14 -15 -16 -33 -49 -71 -110 -117 -132 -135 137 0
-2 -3 -4 -5 -6 -7 -9 -10 -11 -12 -13 -14 -15 -16 -33 -49 -71 -110 -117 -131 -136 137 0
-2 -3 -4 -5 -6 -7 -9 -10 -12 -13 -15 -16 -33 -49 -71 -109 -130 -132 137 0
-2 -3 -4 -5 -6 -7 -9 -11 -12 -13 -14 -16 -33 -49 -71 -110 -130 -131 137 0
-2 -3 -4 -5 -6 -7 -9 -10 -11 -12 -13 -14 -15 -16 -39 -49 -66 -71 -110 -131 -136 137 0
-2 -3 -4 -5 -6 -7 -9 -10 -11 -12 -13 -14 -15 -16 -39 -49 -66 -71 -110 -132 -135 137 0
-2 -3 -4 -5 -6 -7 -9 -11 -12 -13 -14 -16 -33 -49 -78 -89 -110 -130 137 0
-2 -3 -4 -5 -6 -7 -9 -10 -11 -12 -13 -14 -15 -16 -39 -46 -72 -89 -110 -130 -132 137 0
-2 -3 -4 -5 -6 -7 -9 -10 -12 -13 -15 -16 -35 -46 -72 -109 -130 -132 137 0
-2 -3 -4 -5 -6 -7 -9 -10 -11 -12 -13 -14 -15 -16 -39 -49 -66 -71 -112 -125 -135 137 0
-2 -3 -4 -5 -6 -7 -9 -10 -11 -12 -13 -14 -15 -16 -39 -53 -66 -71 -99 -112 -135 137 0
-2 -3 -4 -5 -6 -7 -9 -10 -11 -14 -15 -16 -35 -46 -72 -109 -125 -135 137 0
-2 -3 -4 -5 -6 -7 -9 -10 -11 -14 -15 -16 -33 -53 -72 -89 -109 -136 137 0
-2 -3 -4 -5 -6 -7 -9 -10 -11 -14 -15 -16 -33 -53 -71 -99 -109 -135 137 0
-2 -3 -4 -5 -6 -7 -9 -10 -11 -14 -15 -16 -33 -49 -71 -109 -125 -135 137 0
-2 -3 -4 -5 -6 -7 -9 -10 -11 -14 -15 -16 -39 -46 -71 -99 -110 -135 137 0
-2 -3 -4 -5 -6 -7 -9 -10 -11 -14 -15 -16 -39 -46 -72 -89 -110 -136 137 0
18 19 20 21 22 23 25 26 27 28 29 30 31 32 33 34 36 37 38 39 40 41 42 43 44 45 47 48 50 51 52 53 54 55 56 57 58 59 60 61 63 64 65 66 67 68 69 70 72 73 74 75 76 77 79 80 81 82 83 84 85 86 87 88 89 90 91 92 93 94 95 96 97 98 100 101 102 103 104 105 106 107 109 111 112 113 114 115 116 118 120 121 122 123 124 126 127 128 129 132 133 134 135 136 137 0
