d 1 -17 0
d 2 -17 0
d 1 -18 0
d 3 -18 0
d 1 -19 0
d 4 -19 0
d 1 -20 0
d 5 -20 0
d 1 -21 0
d 6 -21 0
d 1 -22 0
d 7 -22 0
d 1 -23 0
d 8 -23 0
d 1 -24 0
d 9 -24 0
d 1 -25 0
d 10 -25 0
d 1 -26 0
d 11 -26 0
d 1 -27 0
d 12 -27 0
d 1 -28 0
d 13 -28 0
d 1 -29 0
d 14 -29 0
d 1 -30 0
d 15 -30 0
d 1 -31 0
d 16 -31 0
d 2 -32 0
d 3 -32 0
d 2 -33 0
d 2 -34 0
d 5 -34 0
d 2 -35 0
d 2 -36 0
d 7 -36 0
d 2 -37 0
d 8 -37 0
d 2 -38 0
d 9 -38 0
d 2 -39 0
d 2 -40 0
d 11 -40 0
d 2 -41 0
d 12 -41 0
d 2 -42 0
d 13 -42 0
d 2 -43 0
d 14 -43 0
d 2 -44 0
d 15 -44 0
d 2 -45 0
d 16 -45 0
d 3 -46 0
d 3 -47 0
d 5 -47 0
d 3 -48 0
d 6 -48 0
d 3 -49 0
d 3 -50 0
d 8 -50 0
d 3 -51 0
d 9 -51 0
d 3 -52 0
d 10 -52 0
d 3 -53 0
d 3 -54 0
d 12 -54 0
d 3 -55 0
d 13 -55 0
d 3 -56 0
d 14 -56 0
d 3 -57 0
d 15 -57 0
d 3 -58 0
d 16 -58 0
d 4 -59 0
d 5 -59 0
d 4 -60 0
d 6 -60 0
d 4 -61 0
d 7 -61 0
d 4 -63 0
d 9 -63 0
d 4 -64 0
d 10 -64 0
d 4 -65 0
d 11 -65 0
d 4 -67 0
d 13 -67 0
d 4 -68 0
d 14 -68 0
d 4 -69 0
d 15 -69 0
d 4 -70 0
d 16 -70 0
d 5 -71 0
d 5 -72 0
d 5 -73 0
d 8 -73 0
d 5 -74 0
d 9 -74 0
d 5 -75 0
d 10 -75 0
d 5 -76 0
d 11 -76 0
d 5 -77 0
d 12 -77 0
d 5 -78 0
d 5 -79 0
d 14 -79 0
d 5 -80 0
d 15 -80 0
d 5 -81 0
d 16 -81 0
d 6 -82 0
d 7 -82 0
d 6 -84 0
d 9 -84 0
d 6 -85 0
d 10 -85 0
d 6 -86 0
d 11 -86 0
d 6 -87 0
d 12 -87 0
d 6 -88 0
d 13 -88 0
d 6 -90 0
d 15 -90 0
d 6 -91 0
d 16 -91 0
d 7 -93 0
d 9 -93 0
d 7 -94 0
d 10 -94 0
d 7 -95 0
d 11 -95 0
d 7 -96 0
d 12 -96 0
d 7 -97 0
d 13 -97 0
d 7 -98 0
d 14 -98 0
d 7 -100 0
d 16 -100 0
d 8 -101 0
d 9 -101 0
d 8 -102 0
d 10 -102 0
d 8 -103 0
d 11 -103 0
d 8 -104 0
d 12 -104 0
d 8 -105 0
d 13 -105 0
d 8 -106 0
d 14 -106 0
d 8 -107 0
d 15 -107 0
d 9 -109 0
d 9 -110 0
d 9 -111 0
d 12 -111 0
d 9 -112 0
d 9 -113 0
d 14 -113 0
d 9 -114 0
d 15 -114 0
d 9 -115 0
d 16 -115 0
d 10 -116 0
d 11 -116 0
d 10 -118 0
d 13 -118 0
d 10 -120 0
d 15 -120 0
d 10 -121 0
d 16 -121 0
d 11 -123 0
d 13 -123 0
d 11 -124 0
d 14 -124 0
d 11 -126 0
d 16 -126 0
d 12 -127 0
d 13 -127 0
d 12 -128 0
d 14 -128 0
d 12 -129 0
d 15 -129 0
d 13 -133 0
d 16 -133 0
d 14 -134 0
d 15 -134 0
d -17 -18 0
d -17 -20 0
d -17 -24 0
d -18 -20 0
d -18 -24 0
d -20 -24 0
d -17 -33 0
d -17 -35 0
d -17 -39 0
d -18 -46 0
d -18 -49 0
d -18 -53 0
d -20 -71 0
d -20 -72 0
d -20 -78 0
d -24 -109 0
d -24 -110 0
d -24 -112 0
d -1 24 17 18 20 0
d 1 2 0
d 1 3 0
d 1 5 0
d 1 9 0
d 2 4 0
d 2 6 0
d 2 10 0
d 3 4 0
d 3 7 0
d 3 11 0
d 5 6 0
d 5 7 0
d 5 13 0
d 9 10 0
d 9 11 0
d 9 13 0
33 39 53 66 72 83 89 92 109 112 122 132 135 136 0
d 18 19 20 21 22 23 25 26 27 28 29 30 31 32 33 34 36 37 38 39 40 41 42 43 44 45 47 48 50 51 52 53 54 55 56 57 58 59 60 61 63 64 65 66 67 68 69 70 72 73 74 75 76 77 79 80 81 82 83 84 85 86 87 88 89 90 91 92 93 94 95 96 97 98 100 101 102 103 104 105 106 107 109 111 112 113 114 115 116 118 120 121 122 123 124 126 127 128 129 132 133 134 135 136 137 0
112 39 66 33 83 92 109 122 132 135 136 -13 131 0
39 46 49 62 78 83 89 99 109 110 122 130 132 135 0
d 17 19 20 21 22 23 25 26 27 28 29 30 31 32 34 36 37 38 39 40 41 42 43 44 45 46 47 48 49 50 51 52 54 55 56 57 58 59 60 61 62 63 64 65 67 68 69 70 73 74 75 76 77 78 79 80 81 82 83 84 85 86 87 88 89 90 91 93 94 95 96 97 98 99 100 101 102 103 104 105 106 107 109 110 111 113 114 115 116 118 120 121 122 123 124 126 127 128 129 130 132 133 134 135 137 0
130 39 46 78 83 89 99 109 110 122 49 132 135 -16 136 0
39 46 49 66 71 78 83 92 110 117 125 131 135 136 0
d 17 19 21 22 23 24 25 26 27 28 29 30 31 32 34 36 37 38 39 40 41 42 43 44 45 46 47 48 49 50 51 52 54 55 56 57 58 59 60 61 63 64 65 66 67 68 69 70 71 73 74 75 76 77 78 79 80 81 82 83 84 85 86 87 88 90 91 92 93 94 95 96 97 98 100 101 102 103 104 105 106 107 110 111 113 114 115 116 117 118 120 121 123 124 125 126 127 128 129 131 133 134 135 136 137 0
-62 46 49 39 78 83 66 110 117 131 135 136 0
71 46 49 39 78 83 66 110 117 131 135 136 0
35 46 49 62 72 83 109 110 117 122 131 132 135 136 0
d 17 19 20 21 22 23 25 26 27 28 29 30 31 32 34 35 36 37 38 40 41 42 43 44 45 46 47 48 49 50 51 52 54 55 56 57 58 59 60 61 62 63 64 65 67 68 69 70 72 73 74 75 76 77 79 80 81 82 83 84 85 86 87 88 90 91 93 94 95 96 97 98 100 101 102 103 104 105 106 107 109 110 111 113 114 115 116 117 118 120 121 122 123 124 126 127 128 129 131 132 133 134 135 136 137 0
109 117 49 72 83 62 110 35 131 46 135 136 0
35 39 46 49 62 78 83 99 110 117 122 131 135 136 0
d 19 20 21 22 23 24 25 26 27 28 29 30 31 32 34 35 36 37 38 39 40 41 42 43 44 45 46 47 48 49 50 51 52 54 55 56 57 58 59 60 61 62 63 64 65 67 68 69 70 73 74 75 76 77 78 79 80 81 82 83 84 85 86 87 88 90 91 93 94 95 96 97 98 99 100 101 102 103 104 105 106 107 110 111 113 114 115 116 117 118 120 121 122 123 124 126 127 128 129 131 133 134 135 136 137 0
72 78 135 131 49 117 83 110 46 136 39 0
33 39 49 62 78 83 89 99 110 112 117 122 135 136 0
d 18 19 20 21 22 23 25 26 27 28 29 30 31 32 33 34 36 37 38 39 40 41 42 43 44 45 47 48 49 50 51 52 54 55 56 57 58 59 60 61 62 63 64 65 67 68 69 70 73 74 75 76 77 78 79 80 81 82 83 84 85 86 87 88 89 90 91 93 94 95 96 97 98 99 100 101 102 103 104 105 106 107 110 111 112 113 114 115 116 117 118 120 121 122 123 124 126 127 128 129 133 134 135 136 137 0
78 131 49 83 110 112 117 135 136 46 39 0
99 92 132 136 49 72 125 0
39 46 49 62 71 72 83 110 119 122 130 131 132 136 0
d 17 19 21 22 23 24 25 26 27 28 29 30 31 32 34 36 37 38 39 40 41 42 43 44 45 46 47 48 49 50 51 52 54 55 56 57 58 59 60 61 62 63 64 65 67 68 69 70 71 72 73 74 75 76 77 79 80 81 82 83 84 85 86 87 88 90 91 93 94 95 96 97 98 100 101 102 103 104 105 106 107 110 111 113 114 115 116 118 119 120 121 122 123 124 126 127 128 129 130 131 132 133 134 136 137 0
39 46 49 66 71 83 92 110 112 119 122 132 135 136 0
d 17 19 20 21 22 23 25 26 27 28 29 30 31 32 34 36 37 38 39 40 41 42 43 44 45 46 47 48 49 50 51 52 54 55 56 57 58 59 60 61 63 64 65 66 67 68 69 70 71 73 74 75 76 77 79 80 81 82 83 84 85 86 87 88 90 91 92 93 94 95 96 97 98 100 101 102 103 104 105 106 107 110 111 112 113 114 115 116 118 119 120 121 122 123 124 126 127 128 129 132 133 134 135 136 137 0
-78 132 46 72 83 110 131 49 136 92 135 0
35 39 49 62 66 72 83 109 110 122 131 132 135 136 0
d 18 19 20 21 22 23 25 26 27 28 29 30 31 32 34 35 36 37 38 39 40 41 42 43 44 45 47 48 49 50 51 52 54 55 56 57 58 59 60 61 62 63 64 65 66 67 68 69 70 72 73 74 75 76 77 79 80 81 82 83 84 85 86 87 88 90 91 93 94 95 96 97 98 100 101 102 103 104 105 106 107 109 110 111 113 114 115 116 118 120 121 122 123 124 126 127 128 129 131 132 133 134 135 136 137 0
39 78 72 83 110 131 135 136 46 49 0
33 49 66 72 78 83 89 108 109 110 117 125 131 136 0
d 17 18 19 21 22 23 25 26 27 28 29 30 31 32 33 34 36 37 38 40 41 42 43 44 45 47 48 49 50 51 52 54 55 56 57 58 59 60 61 63 64 65 66 67 68 69 70 72 73 74 75 76 77 78 79 80 81 82 83 84 85 86 87 88 89 90 91 93 94 95 96 97 98 100 101 102 103 104 105 106 107 108 109 110 111 113 114 115 116 117 118 120 121 123 124 125 126 127 128 129 131 133 134 136 137 0
-39 131 72 83 110 117 49 136 46 135 0
35 46 49 62 71 72 108 112 117 119 122 125 132 135 0
d 17 19 21 22 23 24 25 26 27 28 29 30 31 32 34 35 36 37 38 40 41 42 43 44 45 46 47 48 49 50 51 52 54 55 56 57 58 59 60 61 62 63 64 65 67 68 69 70 71 72 73 74 75 76 77 79 80 81 82 84 85 86 87 88 90 91 93 94 95 96 97 98 100 101 102 103 104 105 106 107 108 111 112 113 114 115 116 117 118 119 120 121 122 123 124 125 126 127 128 129 132 133 134 135 137 0
33 39 46 49 72 83 89 108 110 117 122 131 132 136 0
d 19 20 21 22 23 24 25 26 27 28 29 30 31 32 33 34 36 37 38 39 40 41 42 43 44 45 46 47 48 49 50 51 52 54 55 56 57 58 59 60 61 63 64 65 67 68 69 70 72 73 74 75 76 77 79 80 81 82 83 84 85 86 87 88 89 90 91 93 94 95 96 97 98 100 101 102 103 104 105 106 107 108 110 111 113 114 115 116 117 118 120 121 122 123 124 126 127 128 129 131 132 133 134 136 137 0
131 46 49 72 83 110 117 136 135 0
35 46 49 62 78 83 99 110 112 117 119 122 135 136 0
d 17 19 20 21 22 23 25 26 27 28 29 30 31 32 34 35 36 37 38 40 41 42 43 44 45 46 47 48 49 50 51 52 54 55 56 57 58 59 60 61 62 63 64 65 67 68 69 70 73 74 75 76 77 78 79 80 81 82 83 84 85 86 87 88 90 91 93 94 95 96 97 98 99 100 101 102 103 104 105 106 107 110 111 112 113 114 115 116 117 118 119 120 121 122 123 124 126 127 128 129 133 134 135 136 137 0
35 46 49 62 72 78 83 110 117 119 122 132 135 136 0
d 17 19 21 22 23 24 25 26 27 28 29 30 31 32 34 35 36 37 38 40 41 42 43 44 45 46 47 48 49 50 51 52 54 55 56 57 58 59 60 61 62 63 64 65 67 68 69 70 72 73 74 75 76 77 78 79 80 81 82 83 84 85 86 87 88 90 91 93 94 95 96 97 98 100 101 102 103 104 105 106 107 110 111 113 114 115 116 117 118 119 120 121 122 123 124 126 127 128 129 132 133 134 135 136 137 0
46 117 72 83 110 49 135 136 0
-131 33 110 72 0
33 39 49 53 66 72 83 89 108 110 117 131 132 136 0
d 19 20 21 22 23 24 25 26 27 28 29 30 31 32 33 34 36 37 38 39 40 41 42 43 44 45 47 48 49 50 51 52 53 54 55 56 57 58 59 60 61 63 64 65 66 67 68 69 70 72 73 74 75 76 77 79 80 81 82 83 84 85 86 87 88 89 90 91 93 94 95 96 97 98 100 101 102 103 104 105 106 107 108 110 111 113 114 115 116 117 118 120 121 123 124 126 127 128 129 131 132 133 134 136 137 0
33 49 53 62 71 72 83 110 117 119 130 131 132 136 0
d 17 19 21 22 23 24 25 26 27 28 29 30 31 32 33 34 36 37 38 40 41 42 43 44 45 47 48 49 50 51 52 53 54 55 56 57 58 59 60 61 62 63 64 65 67 68 69 70 71 72 73 74 75 76 77 79 80 81 82 83 84 85 86 87 88 90 91 93 94 95 96 97 98 100 101 102 103 104 105 106 107 110 111 113 114 115 116 117 118 119 120 121 123 124 126 127 128 129 130 131 132 133 134 136 137 0
-46 49 33 39 72 83 89 110 117 131 132 136 71 119 0
49 136 33 72 83 89 110 117 131 132 39 71 119 0
125 122 132 136 110 53 99 0
33 39 46 53 71 89 92 99 108 112 117 122 131 136 0
d 19 20 21 22 23 24 25 26 27 28 29 30 31 32 33 34 36 37 38 39 40 41 42 43 44 45 46 47 48 50 51 52 53 54 55 56 57 58 59 60 61 63 64 65 67 68 69 70 71 73 74 75 76 77 79 80 81 82 84 85 86 87 88 89 90 91 92 93 94 95 96 97 98 99 100 101 102 103 104 105 106 107 108 111 112 113 114 115 116 117 118 120 121 122 123 124 126 127 128 129 131 133 134 136 137 0
62 66 46 33 92 108 83 0
33 46 53 71 72 83 99 108 110 117 119 130 131 132 0
d 17 19 21 22 23 24 25 26 27 28 29 30 31 32 33 34 36 37 38 40 41 42 43 44 45 46 47 48 50 51 52 53 54 55 56 57 58 59 60 61 63 64 65 67 68 69 70 71 72 73 74 75 76 77 79 80 81 82 83 84 85 86 87 88 90 91 93 94 95 96 97 98 99 100 101 102 103 104 105 106 107 108 110 111 113 114 115 116 117 118 119 120 121 123 124 126 127 128 129 130 131 132 133 134 137 0
108 39 46 72 83 110 132 33 136 0
33 53 62 71 72 83 99 110 112 117 119 130 131 136 0
d 17 18 19 21 22 23 25 26 27 28 29 30 31 32 33 34 36 37 38 40 41 42 43 44 45 47 48 50 51 52 53 54 55 56 57 58 59 60 61 62 63 64 65 67 68 69 70 71 72 73 74 75 76 77 79 80 81 82 83 84 85 86 87 88 90 91 93 94 95 96 97 98 99 100 101 102 103 104 105 106 107 110 111 112 113 114 115 116 117 118 119 120 121 123 124 126 127 128 129 130 131 133 134 136 137 0
39 72 33 83 110 136 132 46 0
33 35 53 62 72 78 83 99 110 117 119 130 131 136 0
d 18 19 21 22 23 24 25 26 27 28 29 30 31 32 33 34 35 36 37 38 40 41 42 43 44 45 47 48 50 51 52 53 54 55 56 57 58 59 60 61 62 63 64 65 67 68 69 70 72 73 74 75 76 77 78 79 80 81 82 83 84 85 86 87 88 90 91 93 94 95 96 97 98 99 100 101 102 103 104 105 106 107 110 111 113 114 115 116 117 118 119 120 121 123 124 126 127 128 129 130 131 133 134 136 137 0
-108 35 33 72 83 110 117 119 136 109 46 0
62 92 33 108 46 83 35 72 78 53 110 117 119 99 136 0
33 35 53 66 72 78 83 92 109 119 122 132 135 136 0
d 18 19 21 22 23 24 25 26 27 28 29 30 31 32 33 34 35 36 37 38 40 41 42 43 44 45 47 48 50 51 52 53 54 55 56 57 58 59 60 61 63 64 65 66 67 68 69 70 72 73 74 75 76 77 78 79 80 81 82 83 84 85 86 87 88 90 91 92 93 94 95 96 97 98 100 101 102 103 104 105 106 107 109 111 113 114 115 116 118 119 120 121 122 123 124 126 127 128 129 132 133 134 135 136 137 0
78 122 53 72 66 83 92 119 33 135 136 110 0
-78 72 83 110 136 33 46 0
135 53 136 33 72 132 83 108 78 92 66 131 0
33 35 46 72 89 92 108 109 110 117 125 130 131 132 0
d 18 19 20 21 22 23 25 26 27 28 29 30 31 32 33 34 35 36 37 38 40 41 42 43 44 45 46 47 48 50 51 52 54 55 56 57 58 59 60 61 63 64 65 67 68 69 70 72 73 74 75 76 77 79 80 81 82 84 85 86 87 88 89 90 91 92 93 94 95 96 97 98 100 101 102 103 104 105 106 107 108 109 110 111 113 114 115 116 117 118 120 121 123 124 125 126 127 128 129 130 131 132 133 134 137 0
33 46 53 72 83 89 92 109 110 117 130 131 132 136 0
d 17 19 20 21 22 23 25 26 27 28 29 30 31 32 33 34 36 37 38 40 41 42 43 44 45 46 47 48 50 51 52 53 54 55 56 57 58 59 60 61 63 64 65 67 68 69 70 72 73 74 75 76 77 79 80 81 82 83 84 85 86 87 88 89 90 91 92 93 94 95 96 97 98 100 101 102 103 104 105 106 107 109 110 111 113 114 115 116 117 118 120 121 123 124 126 127 128 129 130 131 132 133 134 136 137 0
108 66 72 78 83 53 110 136 33 92 0
33 35 49 53 62 72 83 110 117 119 130 131 132 136 0
d 19 20 21 22 23 24 25 26 27 28 29 30 31 32 33 34 35 36 37 38 40 41 42 43 44 45 47 48 49 50 51 52 53 54 55 56 57 58 59 60 61 62 63 64 65 67 68 69 70 72 73 74 75 76 77 79 80 81 82 83 84 85 86 87 88 90 91 93 94 95 96 97 98 100 101 102 103 104 105 106 107 110 111 113 114 115 116 117 118 119 120 121 123 124 126 127 128 129 130 131 132 133 134 136 137 0
-108 53 35 33 72 83 110 136 0
33 35 49 53 62 72 83 109 117 122 131 132 135 136 0
d 19 20 21 22 23 24 25 26 27 28 29 30 31 32 33 34 35 36 37 38 40 41 42 43 44 45 47 48 49 50 51 52 53 54 55 56 57 58 59 60 61 62 63 64 65 67 68 69 70 72 73 74 75 76 77 79 80 81 82 83 84 85 86 87 88 90 91 93 94 95 96 97 98 100 101 102 103 104 105 106 107 109 111 113 114 115 116 117 118 120 121 122 123 124 126 127 128 129 131 132 133 134 135 136 137 0
109 119 53 62 49 83 72 132 136 110 33 66 0
119 132 -46 83 72 110 33 136 0
-119 110 72 33 0
110 72 33 -46 83 136 0
33 35 49 53 62 78 83 99 112 117 119 122 135 136 0
d 19 20 21 22 23 24 25 26 27 28 29 30 31 32 33 34 35 36 37 38 40 41 42 43 44 45 47 48 49 50 51 52 53 54 55 56 57 58 59 60 61 62 63 64 65 67 68 69 70 73 74 75 76 77 78 79 80 81 82 83 84 85 86 87 88 90 91 93 94 95 96 97 98 99 100 101 102 103 104 105 106 107 111 112 113 114 115 116 117 118 119 120 121 122 123 124 126 127 128 129 133 134 135 136 137 0
92 62 108 83 49 72 99 0
33 35 49 53 66 78 83 99 108 109 119 125 130 131 0
d 19 20 21 22 23 24 25 26 27 28 29 30 31 32 33 34 35 36 37 38 40 41 42 43 44 45 47 48 49 50 51 52 53 54 55 56 57 58 59 60 61 63 64 65 66 67 68 69 70 73 74 75 76 77 78 79 80 81 82 83 84 85 86 87 88 90 91 93 94 95 96 97 98 99 100 101 102 103 104 105 106 107 108 109 111 113 114 115 116 118 119 120 121 123 124 125 126 127 128 129 130 131 133 134 137 0
-46 62 53 35 78 83 99 108 109 119 125 131 112 122 33 136 0
33 35 53 62 72 83 99 109 112 119 122 130 131 136 0
d 18 19 20 21 22 23 25 26 27 28 29 30 31 32 33 34 35 36 37 38 40 41 42 43 44 45 47 48 50 51 52 53 54 55 56 57 58 59 60 61 62 63 64 65 67 68 69 70 72 73 74 75 76 77 79 80 81 82 83 84 85 86 87 88 90 91 93 94 95 96 97 98 99 100 101 102 103 104 105 106 107 109 111 112 113 114 115 116 118 119 120 121 122 123 124 126 127 128 129 130 131 133 134 136 137 0
-49 46 136 33 35 72 83 62 109 119 108 78 0
33 35 49 62 72 83 109 110 119 122 130 131 132 136 0
d 18 19 20 21 22 23 25 26 27 28 29 30 31 32 33 34 35 36 37 38 40 41 42 43 44 45 47 48 49 50 51 52 54 55 56 57 58 59 60 61 62 63 64 65 67 68 69 70 72 73 74 75 76 77 79 80 81 82 83 84 85 86 87 88 90 91 93 94 95 96 97 98 100 101 102 103 104 105 106 107 109 110 111 113 114 115 116 118 119 120 121 122 123 124 126 127 128 129 130 131 132 133 134 136 137 0
136 122 72 83 109 110 119 33 130 62 46 0
33 35 49 62 72 78 89 108 109 117 122 125 132 135 0
d 18 19 21 22 23 24 25 26 27 28 29 30 31 32 33 34 35 36 37 38 40 41 42 43 44 45 47 48 49 50 51 52 54 55 56 57 58 59 60 61 62 63 64 65 67 68 69 70 72 73 74 75 76 77 78 79 80 81 82 84 85 86 87 88 89 90 91 93 94 95 96 97 98 100 101 102 103 104 105 106 107 108 109 111 113 114 115 116 117 118 120 121 122 123 124 125 126 127 128 129 132 133 134 135 137 0
-122 130 33 35 78 83 99 108 109 119 125 49 131 0
-136 72 33 109 108 110 49 83 119 0
72 109 33 83 49 110 119 108 0
33 35 46 78 89 92 99 108 109 110 117 122 131 136 0
d 18 19 20 21 22 23 25 26 27 28 29 30 31 32 33 34 35 36 37 38 40 41 42 43 44 45 46 47 48 50 51 52 54 55 56 57 58 59 60 61 63 64 65 67 68 69 70 73 74 75 76 77 78 79 80 81 82 84 85 86 87 88 89 90 91 92 93 94 95 96 97 98 99 100 101 102 103 104 105 106 107 108 109 110 111 113 114 115 116 117 118 120 121 122 123 124 126 127 128 129 131 133 134 136 137 0
-135 35 33 92 99 122 109 110 46 0
33 35 49 66 78 83 92 109 110 119 122 132 135 136 0
d 18 19 20 21 22 23 25 26 27 28 29 30 31 32 33 34 35 36 37 38 40 41 42 43 44 45 47 48 49 50 51 52 54 55 56 57 58 59 60 61 63 64 65 66 67 68 69 70 73 74 75 76 77 78 79 80 81 82 83 84 85 86 87 88 90 91 92 93 94 95 96 97 98 100 101 102 103 104 105 106 107 109 110 111 113 114 115 116 118 119 120 121 122 123 124 126 127 128 129 132 133 134 135 136 137 0
83 125 136 108 135 33 35 78 49 109 110 122 0
-83 136 33 78 46 108 109 110 35 122 131 0
49 136 108 135 33 35 78 83 109 110 122 46 0
136 122 78 110 33 135 35 108 46 109 131 0
72 83 46 35 109 108 110 131 -136 33 78 0
33 35 46 71 92 99 108 109 110 117 122 131 132 135 0
d 18 19 20 21 22 23 25 26 27 28 29 30 31 32 33 34 35 36 37 38 40 41 42 43 44 45 46 47 48 50 51 52 54 55 56 57 58 59 60 61 63 64 65 67 68 69 70 71 73 74 75 76 77 79 80 81 82 84 85 86 87 88 90 91 92 93 94 95 96 97 98 99 100 101 102 103 104 105 106 107 108 109 110 111 113 114 115 116 117 118 120 121 122 123 124 126 127 128 129 131 132 133 134 135 137 0
83 130 33 35 78 99 108 109 125 49 110 135 0
122 66 130 117 53 110 125 0
33 49 53 62 71 89 99 108 109 110 117 130 131 132 0
d 17 19 20 21 22 23 25 26 27 28 29 30 31 32 33 34 36 37 38 40 41 42 43 44 45 47 48 49 50 51 52 53 54 55 56 57 58 59 60 61 62 63 64 65 67 68 69 70 71 73 74 75 76 77 79 80 81 82 84 85 86 87 88 89 90 91 93 94 95 96 97 98 99 100 101 102 103 104 105 106 107 108 109 110 111 113 114 115 116 117 118 120 121 123 124 126 127 128 129 130 131 132 133 134 137 0
109 108 78 99 -122 49 71 110 0
132 131 99 89 119 125 78 112 0
33 39 49 53 62 78 83 89 99 110 117 130 131 136 0
d 19 20 21 22 23 24 25 26 27 28 29 30 31 32 33 34 36 37 38 39 40 41 42 43 44 45 47 48 49 50 51 52 53 54 55 56 57 58 59 60 61 62 63 64 65 67 68 69 70 73 74 75 76 77 78 79 80 81 82 83 84 85 86 87 88 89 90 91 93 94 95 96 97 98 99 100 101 102 103 104 105 106 107 110 111 113 114 115 116 117 118 120 121 123 124 126 127 128 129 130 131 133 134 136 137 0
-109 49 53 78 99 110 117 130 131 119 125 0
-35 49 53 78 99 110 117 130 131 109 0
89 135 119 131 35 71 83 0
33 35 53 66 78 83 92 99 109 110 117 131 135 136 0
d 18 19 20 21 22 23 25 26 27 28 29 30 31 32 33 34 35 36 37 38 40 41 42 43 44 45 47 48 50 51 52 53 54 55 56 57 58 59 60 61 63 64 65 66 67 68 69 70 73 74 75 76 77 78 79 80 81 82 83 84 85 86 87 88 90 91 92 93 94 95 96 97 98 99 100 101 102 103 104 105 106 107 109 110 111 113 114 115 116 117 118 120 121 123 124 126 127 128 129 131 133 134 135 136 137 0
53 136 35 33 78 83 92 99 110 117 131 135 49 0
33 35 49 62 78 83 99 109 110 119 122 130 132 135 0
d 18 19 20 21 22 23 25 26 27 28 29 30 31 32 33 34 35 36 37 38 40 41 42 43 44 45 47 48 49 50 51 52 54 55 56 57 58 59 60 61 62 63 64 65 67 68 69 70 73 74 75 76 77 78 79 80 81 82 83 84 85 86 87 88 90 91 93 94 95 96 97 98 99 100 101 102 103 104 105 106 107 109 110 111 113 114 115 116 118 119 120 121 122 123 124 126 127 128 129 130 132 133 134 135 137 0
135 122 49 78 83 99 33 110 35 136 46 131 0
-53 136 33 110 83 35 99 78 49 131 0
136 33 49 131 99 110 117 35 78 83 0
33 117 78 99 35 49 110 131 83 0
-136 109 117 39 62 99 83 78 49 46 110 66 0
109 117 35 78 49 99 83 110 131 0
-72 108 62 83 35 89 0
35 39 46 49 66 72 83 108 112 119 122 125 131 136 0
d 19 20 21 22 23 24 25 26 27 28 29 30 31 32 34 35 36 37 38 39 40 41 42 43 44 45 46 47 48 49 50 51 52 54 55 56 57 58 59 60 61 63 64 65 66 67 68 69 70 72 73 74 75 76 77 79 80 81 82 83 84 85 86 87 88 90 91 93 94 95 96 97 98 100 101 102 103 104 105 106 107 108 111 112 113 114 115 116 118 119 120 121 122 123 124 125 126 127 128 129 131 133 134 136 137 0
-109 49 35 83 136 99 78 110 0
35 46 49 66 72 83 108 109 110 119 122 131 132 136 0
d 17 19 20 21 22 23 25 26 27 28 29 30 31 32 34 35 36 37 38 40 41 42 43 44 45 46 47 48 49 50 51 52 54 55 56 57 58 59 60 61 63 64 65 66 67 68 69 70 72 73 74 75 76 77 79 80 81 82 83 84 85 86 87 88 90 91 93 94 95 96 97 98 100 101 102 103 104 105 106 107 108 109 110 111 113 114 115 116 118 119 120 121 122 123 124 126 127 128 129 131 132 133 134 136 137 0
49 99 83 110 136 78 35 72 0
35 46 53 66 78 89 92 99 108 109 110 119 130 132 0
d 17 19 20 21 22 23 25 26 27 28 29 30 31 32 34 35 36 37 38 40 41 42 43 44 45 46 47 48 50 51 52 53 54 55 56 57 58 59 60 61 63 64 65 66 67 68 69 70 73 74 75 76 77 78 79 80 81 82 84 85 86 87 88 89 90 91 92 93 94 95 96 97 98 99 100 101 102 103 104 105 106 107 108 109 110 111 113 114 115 116 118 119 120 121 123 124 126 127 128 129 130 132 133 134 137 0
110 78 66 46 89 35 108 109 119 130 83 72 122 131 136 0
35 46 53 66 72 83 99 108 109 112 119 122 131 136 0
d 17 19 20 21 22 23 25 26 27 28 29 30 31 32 34 35 36 37 38 40 41 42 43 44 45 46 47 48 50 51 52 53 54 55 56 57 58 59 60 61 63 64 65 66 67 68 69 70 72 73 74 75 76 77 79 80 81 82 83 84 85 86 87 88 90 91 93 94 95 96 97 98 99 100 101 102 103 104 105 106 107 108 109 111 112 113 114 115 116 118 119 120 121 122 123 124 126 127 128 129 131 133 134 136 137 0
119 108 136 35 83 -49 109 72 78 53 99 112 122 131 0
35 46 53 62 78 89 92 99 109 112 117 122 135 136 0
d 17 19 20 21 22 23 25 26 27 28 29 30 31 32 34 35 36 37 38 40 41 42 43 44 45 46 47 48 50 51 52 53 54 55 56 57 58 59 60 61 62 63 64 65 67 68 69 70 73 74 75 76 77 78 79 80 81 82 84 85 86 87 88 89 90 91 92 93 94 95 96 97 98 99 100 101 102 103 104 105 106 107 109 111 112 113 114 115 116 117 118 120 121 122 123 124 126 127 128 129 133 134 135 136 137 0
35 46 62 72 78 83 99 109 110 117 122 131 135 136 0
d 17 18 19 21 22 23 25 26 27 28 29 30 31 32 34 35 36 37 38 40 41 42 43 44 45 46 47 48 50 51 52 54 55 56 57 58 59 60 61 62 63 64 65 67 68 69 70 72 73 74 75 76 77 78 79 80 81 82 83 84 85 86 87 88 90 91 93 94 95 96 97 98 99 100 101 102 103 104 105 106 107 109 110 111 113 114 115 116 117 118 120 121 122 123 124 126 127 128 129 131 133 134 135 136 137 0
-119 108 72 78 83 99 46 109 131 136 92 53 35 0
135 110 46 35 108 109 119 78 83 72 122 131 136 0
122 108 35 78 109 83 72 131 136 99 -49 0
108 131 99 78 109 83 72 35 136 -49 0
35 39 46 53 62 72 83 99 109 122 130 131 132 135 0
d 19 20 21 22 23 24 25 26 27 28 29 30 31 32 34 35 36 37 38 39 40 41 42 43 44 45 46 47 48 50 51 52 53 54 55 56 57 58 59 60 61 62 63 64 65 67 68 69 70 72 73 74 75 76 77 79 80 81 82 83 84 85 86 87 88 90 91 93 94 95 96 97 98 99 100 101 102 103 104 105 106 107 109 111 113 114 115 116 118 120 121 122 123 124 126 127 128 129 130 131 132 133 134 135 137 0
110 122 39 62 72 83 46 109 35 130 131 135 136 78 0
35 39 46 62 72 78 83 99 112 119 122 125 130 135 0
d 18 19 21 22 23 24 25 26 27 28 29 30 31 32 34 35 36 37 38 39 40 41 42 43 44 45 46 47 48 50 51 52 54 55 56 57 58 59 60 61 62 63 64 65 67 68 69 70 72 73 74 75 76 77 78 79 80 81 82 83 84 85 86 87 88 90 91 93 94 95 96 97 98 99 100 101 102 103 104 105 106 107 111 112 113 114 115 116 118 119 120 121 122 123 124 125 126 127 128 129 130 133 134 135 137 0
-110 122 35 72 78 83 99 62 46 130 135 92 53 109 136 0
122 131 83 46 109 35 72 136 78 -108 53 99 92 0
119 117 109 39 89 135 131 0
35 39 53 62 66 72 89 92 109 110 130 131 132 136 0
d 18 19 20 21 22 23 25 26 27 28 29 30 31 32 34 35 36 37 38 39 40 41 42 43 44 45 47 48 50 51 52 53 54 55 56 57 58 59 60 61 62 63 64 65 66 67 68 69 70 72 73 74 75 76 77 79 80 81 82 84 85 86 87 88 89 90 91 92 93 94 95 96 97 98 100 101 102 103 104 105 106 107 109 110 111 113 114 115 116 118 120 121 123 124 126 127 128 129 130 131 132 133 134 136 137 0
-122 46 72 89 109 131 136 35 83 0
39 130 72 78 83 46 35 135 109 136 131 0
130 46 35 78 109 135 136 72 83 131 0
-49 122 78 109 83 72 131 136 35 108 0
46 78 135 83 131 136 72 109 35 0
78 72 135 83 109 35 131 136 0
49 72 135 83 109 35 131 136 0
-117 132 35 122 72 83 46 109 99 131 53 135 0
39 72 83 35 109 131 136 135 0
-130 99 35 72 83 112 46 109 119 131 136 0
72 35 83 109 131 136 135 0
35 39 49 62 66 71 78 92 110 119 125 130 132 135 0
d 18 19 21 22 23 24 25 26 27 28 29 30 31 32 34 35 36 37 38 39 40 41 42 43 44 45 47 48 49 50 51 52 54 55 56 57 58 59 60 61 62 63 64 65 66 67 68 69 70 71 73 74 75 76 77 78 79 80 81 82 84 85 86 87 88 90 91 92 93 94 95 96 97 98 100 101 102 103 104 105 106 107 110 111 113 114 115 116 118 119 120 121 123 124 125 126 127 128 129 130 132 133 134 135 137 0
-53 -72 83 35 131 109 0
-108 78 35 49 99 112 53 122 0
-72 35 83 109 131 0
33 35 49 53 62 71 99 108 109 117 122 131 132 135 0
d 19 20 21 22 23 24 25 26 27 28 29 30 31 32 33 34 35 36 37 38 40 41 42 43 44 45 47 48 49 50 51 52 53 54 55 56 57 58 59 60 61 62 63 64 65 67 68 69 70 71 73 74 75 76 77 79 80 81 82 84 85 86 87 88 90 91 93 94 95 96 97 98 99 100 101 102 103 104 105 106 107 108 109 111 113 114 115 116 117 118 120 121 122 123 124 126 127 128 129 131 132 133 134 135 137 0
49 130 108 33 83 53 99 35 125 131 62 122 132 135 0
78 132 99 119 131 112 125 72 0
33 35 46 72 83 99 108 109 112 117 122 125 131 135 0
d 18 19 20 21 22 23 25 26 27 28 29 30 31 32 33 34 35 36 37 38 40 41 42 43 44 45 46 47 48 50 51 52 54 55 56 57 58 59 60 61 63 64 65 67 68 69 70 72 73 74 75 76 77 79 80 81 82 83 84 85 86 87 88 90 91 93 94 95 96 97 98 99 100 101 102 103 104 105 106 107 108 109 111 112 113 114 115 116 117 118 120 121 122 123 124 125 126 127 128 129 131 133 134 135 137 0
-49 62 53 99 83 35 122 131 33 119 72 112 108 0
62 33 53 99 83 35 122 131 72 119 112 71 108 132 0
33 122 72 108 83 99 112 119 53 35 131 71 132 0
109 122 35 72 132 83 46 39 99 62 131 53 135 0
-136 122 53 66 110 117 0
35 39 46 66 71 92 99 108 110 112 119 122 132 135 0
d 18 19 20 21 22 23 25 26 27 28 29 30 31 32 34 35 36 37 38 39 40 41 42 43 44 45 46 47 48 50 51 52 54 55 56 57 58 59 60 61 63 64 65 66 67 68 69 70 71 73 74 75 76 77 79 80 81 82 84 85 86 87 88 90 91 92 93 94 95 96 97 98 99 100 101 102 103 104 105 106 107 108 110 111 112 113 114 115 116 118 119 120 121 122 123 124 126 127 128 129 132 133 134 135 137 0
132 119 135 131 112 35 66 39 99 108 110 122 92 0
39 46 53 66 78 83 89 92 99 110 112 117 135 136 0
d 17 19 20 21 22 23 25 26 27 28 29 30 31 32 34 36 37 38 39 40 41 42 43 44 45 46 47 48 50 51 52 53 54 55 56 57 58 59 60 61 63 64 65 66 67 68 69 70 73 74 75 76 77 78 79 80 81 82 83 84 85 86 87 88 89 90 91 92 93 94 95 96 97 98 99 100 101 102 103 104 105 106 107 110 111 112 113 114 115 116 117 118 120 121 123 124 126 127 128 129 133 134 135 136 137 0
46 78 66 53 99 112 135 136 35 131 0
33 35 49 62 71 78 92 109 117 122 125 131 135 136 0
d 18 19 21 22 23 24 25 26 27 28 29 30 31 32 33 34 35 36 37 38 40 41 42 43 44 45 47 48 49 50 51 52 54 55 56 57 58 59 60 61 62 63 64 65 67 68 69 70 71 73 74 75 76 77 78 79 80 81 82 84 85 86 87 88 90 91 92 93 94 95 96 97 98 100 101 102 103 104 105 106 107 109 111 113 114 115 116 117 118 120 121 122 123 124 125 126 127 128 129 131 133 134 135 136 137 0
-83 125 62 49 33 109 122 35 131 135 136 53 99 0
83 135 109 35 136 131 0
49 122 35 53 99 135 131 109 136 0
33 35 46 71 92 99 108 109 112 117 122 125 131 135 0
d 18 19 20 21 22 23 25 26 27 28 29 30 31 32 33 34 35 36 37 38 40 41 42 43 44 45 46 47 48 50 51 52 54 55 56 57 58 59 60 61 63 64 65 67 68 69 70 71 73 74 75 76 77 79 80 81 82 84 85 86 87 88 90 91 92 93 94 95 96 97 98 99 100 101 102 103 104 105 106 107 108 109 111 112 113 114 115 116 117 118 120 121 122 123 124 125 126 127 128 129 131 133 134 135 137 0
35 46 53 62 71 72 99 108 109 117 122 131 132 135 0
d 17 19 21 22 23 24 25 26 27 28 29 30 31 32 34 35 36 37 38 40 41 42 43 44 45 46 47 48 50 51 52 53 54 55 56 57 58 59 60 61 62 63 64 65 67 68 69 70 71 72 73 74 75 76 77 79 80 81 82 84 85 86 87 88 90 91 93 94 95 96 97 98 99 100 101 102 103 104 105 106 107 108 109 111 113 114 115 116 117 118 120 121 122 123 124 126 127 128 129 131 132 133 134 135 137 0
122 53 135 99 35 136 109 131 0
-122 99 136 108 135 109 0
35 46 49 62 78 89 92 109 110 117 122 132 135 136 0
d 17 19 20 21 22 23 25 26 27 28 29 30 31 32 34 35 36 37 38 40 41 42 43 44 45 46 47 48 49 50 51 52 54 55 56 57 58 59 60 61 62 63 64 65 67 68 69 70 73 74 75 76 77 78 79 80 81 82 84 85 86 87 88 89 90 91 92 93 94 95 96 97 98 100 101 102 103 104 105 106 107 109 110 111 113 114 115 116 117 118 120 121 122 123 124 126 127 128 129 132 133 134 135 136 137 0
35 108 136 135 109 122 132 99 131 0
-53 108 131 136 99 109 122 132 135 0
125 78 132 131 99 136 122 53 0
33 39 49 62 71 78 83 99 110 117 122 131 135 136 0
d 18 19 21 22 23 24 25 26 27 28 29 30 31 32 33 34 36 37 38 39 40 41 42 43 44 45 47 48 49 50 51 52 54 55 56 57 58 59 60 61 62 63 64 65 67 68 69 70 71 73 74 75 76 77 78 79 80 81 82 83 84 85 86 87 88 90 91 93 94 95 96 97 98 99 100 101 102 103 104 105 106 107 110 111 113 114 115 116 117 118 120 121 122 123 124 126 127 128 129 131 133 134 135 136 137 0
33 39 49 62 78 83 89 99 109 110 122 130 131 136 0
d 18 19 20 21 22 23 25 26 27 28 29 30 31 32 33 34 36 37 38 39 40 41 42 43 44 45 47 48 49 50 51 52 54 55 56 57 58 59 60 61 62 63 64 65 67 68 69 70 73 74 75 76 77 78 79 80 81 82 83 84 85 86 87 88 89 90 91 93 94 95 96 97 98 99 100 101 102 103 104 105 106 107 109 110 111 113 114 115 116 118 120 121 122 123 124 126 127 128 129 130 131 133 134 136 137 0
135 109 78 99 49 110 122 131 136 71 53 0
109 49 78 99 110 122 131 136 53 71 132 0
-72 132 53 136 99 131 110 122 0
-35 130 72 108 110 53 117 119 99 131 132 136 0
35 39 46 62 72 78 89 99 108 110 117 122 131 136 0
d 18 19 21 22 23 24 25 26 27 28 29 30 31 32 34 35 36 37 38 39 40 41 42 43 44 45 46 47 48 50 51 52 54 55 56 57 58 59 60 61 62 63 64 65 67 68 69 70 72 73 74 75 76 77 78 79 80 81 82 84 85 86 87 88 89 90 91 93 94 95 96 97 98 99 100 101 102 103 104 105 106 107 108 110 111 113 114 115 116 117 118 120 121 122 123 124 126 127 128 129 131 133 134 136 137 0
-33 122 53 99 46 136 35 131 89 110 117 78 130 132 0
122 89 35 99 117 136 46 78 131 110 53 83 130 132 0
-71 46 131 99 136 132 35 83 117 110 53 130 0
89 62 83 92 35 131 71 119 0
108 135 130 136 83 62 92 0
35 46 53 62 72 83 99 110 112 117 119 130 131 136 0
d 17 19 20 21 22 23 25 26 27 28 29 30 31 32 34 35 36 37 38 40 41 42 43 44 45 46 47 48 50 51 52 53 54 55 56 57 58 59 60 61 62 63 64 65 67 68 69 70 72 73 74 75 76 77 79 80 81 82 83 84 85 86 87 88 90 91 93 94 95 96 97 98 99 100 101 102 103 104 105 106 107 110 111 112 113 114 115 116 117 118 119 120 121 123 124 126 127 128 129 130 131 133 134 136 137 0
53 35 62 46 83 110 112 117 119 130 131 136 0
35 131 136 135 83 62 130 0
122 110 78 99 83 49 62 130 131 136 135 0
110 78 130 136 99 49 62 131 83 135 0
33 39 49 62 78 83 89 99 109 112 122 125 130 135 0
d 18 19 20 21 22 23 25 26 27 28 29 30 31 32 33 34 36 37 38 39 40 41 42 43 44 45 47 48 49 50 51 52 54 55 56 57 58 59 60 61 62 63 64 65 67 68 69 70 73 74 75 76 77 78 79 80 81 82 83 84 85 86 87 88 89 90 91 93 94 95 96 97 98 99 100 101 102 103 104 105 106 107 109 111 112 113 114 115 116 118 120 121 122 123 124 125 126 127 128 129 130 133 134 135 137 0
78 99 62 39 83 89 33 109 112 122 125 130 135 71 0
33 39 53 62 71 72 83 99 112 117 125 130 131 135 0
d 18 19 21 22 23 24 25 26 27 28 29 30 31 32 33 34 36 37 38 39 40 41 42 43 44 45 47 48 50 51 52 53 54 55 56 57 58 59 60 61 62 63 64 65 67 68 69 70 71 72 73 74 75 76 77 79 80 81 82 83 84 85 86 87 88 90 91 93 94 95 96 97 98 99 100 101 102 103 104 105 106 107 111 112 113 114 115 116 117 118 120 121 123 124 125 126 127 128 129 130 131 133 134 135 137 0
-49 136 71 72 83 99 112 130 131 135 132 62 0
125 136 130 135 72 99 49 132 0
136 72 83 132 130 135 99 71 112 131 62 0
66 122 130 117 62 33 46 0
33 39 46 71 72 83 99 108 110 119 122 130 131 132 0
d 18 19 21 22 23 24 25 26 27 28 29 30 31 32 33 34 36 37 38 39 40 41 42 43 44 45 46 47 48 50 51 52 54 55 56 57 58 59 60 61 63 64 65 67 68 69 70 71 72 73 74 75 76 77 79 80 81 82 83 84 85 86 87 88 90 91 93 94 95 96 97 98 99 100 101 102 103 104 105 106 107 108 110 111 113 114 115 116 118 119 120 121 122 123 124 126 127 128 129 130 131 132 133 134 137 0
110 83 72 33 99 130 62 135 49 -136 0
33 39 49 53 66 72 83 89 108 109 125 130 131 132 0
d 19 20 21 22 23 24 25 26 27 28 29 30 31 32 33 34 36 37 38 39 40 41 42 43 44 45 47 48 49 50 51 52 53 54 55 56 57 58 59 60 61 63 64 65 66 67 68 69 70 72 73 74 75 76 77 79 80 81 82 83 84 85 86 87 88 89 90 91 93 94 95 96 97 98 100 101 102 103 104 105 106 107 108 109 111 113 114 115 116 118 120 121 123 124 125 126 127 128 129 130 131 132 133 134 137 0
83 72 49 33 130 131 135 99 62 -136 0
72 49 135 99 33 131 62 130 -136 0
-83 92 99 33 108 71 131 132 135 49 78 62 130 125 0
33 39 53 62 71 78 89 92 99 109 122 130 132 135 0
d 18 19 21 22 23 24 25 26 27 28 29 30 31 32 33 34 36 37 38 39 40 41 42 43 44 45 47 48 50 51 52 53 54 55 56 57 58 59 60 61 62 63 64 65 67 68 69 70 71 73 74 75 76 77 78 79 80 81 82 84 85 86 87 88 89 90 91 92 93 94 95 96 97 98 99 100 101 102 103 104 105 106 107 109 111 113 114 115 116 118 120 121 122 123 124 126 127 128 129 130 132 133 134 135 137 0
-112 110 130 49 83 122 135 99 62 33 131 0
-136 112 -13 131 135 99 33 62 130 49 0
110 83 130 135 99 131 62 49 33 122 0
136 83 130 135 99 131 62 33 49 122 0
83 49 99 33 122 130 135 131 62 0
49 99 33 131 135 62 130 122 0
35 108 53 122 71 99 46 62 132 131 72 135 33 0
-136 71 62 33 99 112 130 131 135 122 132 0
-78 99 122 62 131 135 33 130 0
99 135 122 131 33 62 130 0
35 136 130 135 131 62 33 0
53 92 33 112 72 39 89 83 122 132 135 136 49 0
135 33 131 122 130 62 0
72 46 136 33 83 110 119 62 130 122 0
33 39 49 62 71 83 99 110 112 119 122 130 131 136 0
d 18 19 20 21 22 23 25 26 27 28 29 30 31 32 33 34 36 37 38 39 40 41 42 43 44 45 47 48 49 50 51 52 54 55 56 57 58 59 60 61 62 63 64 65 67 68 69 70 71 73 74 75 76 77 79 80 81 82 83 84 85 86 87 88 90 91 93 94 95 96 97 98 99 100 101 102 103 104 105 106 107 110 111 112 113 114 115 116 118 119 120 121 122 123 124 126 127 128 129 130 131 133 134 136 137 0
110 131 39 122 33 62 83 49 78 130 136 99 71 119 0
117 66 130 122 119 109 39 0
33 39 49 62 71 78 89 92 109 122 125 130 131 136 0
d 18 19 21 22 23 24 25 26 27 28 29 30 31 32 33 34 36 37 38 39 40 41 42 43 44 45 47 48 49 50 51 52 54 55 56 57 58 59 60 61 62 63 64 65 67 68 69 70 71 73 74 75 76 77 78 79 80 81 82 84 85 86 87 88 89 90 91 92 93 94 95 96 97 98 100 101 102 103 104 105 106 107 109 111 113 114 115 116 118 120 121 122 123 124 125 126 127 128 129 130 131 133 134 136 137 0
-110 62 33 78 122 109 130 39 136 83 0
62 109 136 39 122 33 83 78 130 0
33 39 46 49 71 89 92 108 109 122 125 130 131 132 0
d 19 20 21 22 23 24 25 26 27 28 29 30 31 32 33 34 36 37 38 39 40 41 42 43 44 45 46 47 48 49 50 51 52 54 55 56 57 58 59 60 61 63 64 65 67 68 69 70 71 73 74 75 76 77 79 80 81 82 84 85 86 87 88 89 90 91 92 93 94 95 96 97 98 100 101 102 103 104 105 106 107 108 109 111 113 114 115 116 118 120 121 122 123 124 125 126 127 128 129 130 131 132 133 134 137 0
109 78 33 122 130 136 83 39 0
33 46 49 71 83 99 108 110 112 117 119 122 131 136 0
d 17 19 20 21 22 23 25 26 27 28 29 30 31 32 33 34 36 37 38 40 41 42 43 44 45 46 47 48 49 50 51 52 54 55 56 57 58 59 60 61 63 64 65 67 68 69 70 71 73 74 75 76 77 79 80 81 82 83 84 85 86 87 88 90 91 93 94 95 96 97 98 99 100 101 102 103 104 105 106 107 108 110 111 112 113 114 115 116 117 118 119 120 121 122 123 124 126 127 128 129 131 133 134 136 137 0
-62 99 130 33 71 83 136 49 110 112 117 119 122 0
78 33 136 122 39 83 130 0
110 33 136 83 -78 0
49 108 33 72 53 83 39 109 125 130 131 132 0
62 33 122 39 136 83 130 0
33 46 71 72 83 99 108 109 112 119 122 125 130 131 0
d 17 18 19 21 22 23 25 26 27 28 29 30 31 32 33 34 36 37 38 40 41 42 43 44 45 46 47 48 50 51 52 54 55 56 57 58 59 60 61 63 64 65 67 68 69 70 71 72 73 74 75 76 77 79 80 81 82 83 84 85 86 87 88 90 91 93 94 95 96 97 98 99 100 101 102 103 104 105 106 107 108 109 111 112 113 114 115 116 118 119 120 121 122 123 124 125 126 127 128 129 130 131 133 134 137 0
39 131 72 83 99 33 130 46 53 92 136 0
131 136 33 130 83 -49 0
136 130 83 33 -49 0
33 35 46 72 78 83 99 108 112 117 119 122 125 135 0
d 18 19 21 22 23 24 25 26 27 28 29 30 31 32 33 34 35 36 37 38 40 41 42 43 44 45 46 47 48 50 51 52 54 55 56 57 58 59 60 61 63 64 65 67 68 69 70 72 73 74 75 76 77 78 79 80 81 82 83 84 85 86 87 88 90 91 93 94 95 96 97 98 99 100 101 102 103 104 105 106 107 108 111 112 113 114 115 116 117 118 119 120 121 122 123 124 125 126 127 128 129 133 134 135 137 0
78 46 33 72 83 99 108 112 122 125 135 0
-39 71 112 135 122 131 92 46 108 99 125 0
33 46 53 71 89 92 99 108 109 112 117 125 130 131 0
d 17 19 20 21 22 23 25 26 27 28 29 30 31 32 33 34 36 37 38 40 41 42 43 44 45 46 47 48 50 51 52 53 54 55 56 57 58 59 60 61 63 64 65 67 68 69 70 71 73 74 75 76 77 79 80 81 82 84 85 86 87 88 89 90 91 92 93 94 95 96 97 98 99 100 101 102 103 104 105 106 107 108 109 111 112 113 114 115 116 117 118 120 121 123 124 125 126 127 128 129 130 131 133 134 137 0
130 108 46 71 53 99 109 112 89 125 33 83 122 0
-130 39 33 112 131 92 132 109 -13 0
39 53 71 46 99 109 112 125 33 122 0
-110 99 122 135 71 46 33 0
112 131 99 132 125 122 33 46 108 71 130 135 0
131 132 71 33 122 46 130 108 125 99 135 0
33 39 49 66 71 83 92 110 112 119 125 130 132 135 0
d 18 19 20 21 22 23 25 26 27 28 29 30 31 32 33 34 36 37 38 39 40 41 42 43 44 45 47 48 49 50 51 52 54 55 56 57 58 59 60 61 63 64 65 66 67 68 69 70 71 73 74 75 76 77 79 80 81 82 83 84 85 86 87 88 90 91 92 93 94 95 96 97 98 100 101 102 103 104 105 106 107 110 111 112 113 114 115 116 118 119 120 121 123 124 125 126 127 128 129 130 132 133 134 135 137 0
39 46 49 62 71 89 99 108 110 112 117 122 132 135 0
d 17 19 20 21 22 23 25 26 27 28 29 30 31 32 34 36 37 38 39 40 41 42 43 44 45 46 47 48 49 50 51 52 54 55 56 57 58 59 60 61 62 63 64 65 67 68 69 70 71 73 74 75 76 77 79 80 81 82 84 85 86 87 88 89 90 91 93 94 95 96 97 98 99 100 101 102 103 104 105 106 107 108 110 111 112 113 114 115 116 117 118 120 121 122 123 124 126 127 128 129 132 133 134 135 137 0
46 110 135 49 132 92 112 122 39 119 33 99 108 117 0
-109 135 33 122 78 108 132 0
33 39 49 66 71 78 89 92 108 109 122 125 132 135 0
d 18 19 21 22 23 24 25 26 27 28 29 30 31 32 33 34 36 37 38 39 40 41 42 43 44 45 47 48 49 50 51 52 54 55 56 57 58 59 60 61 63 64 65 66 67 68 69 70 71 73 74 75 76 77 78 79 80 81 82 84 85 86 87 88 89 90 91 92 93 94 95 96 97 98 100 101 102 103 104 105 106 107 108 109 111 113 114 115 116 118 120 121 122 123 124 125 126 127 128 129 132 133 134 135 137 0
33 49 62 71 78 89 92 109 112 117 122 125 135 136 0
d 17 18 19 21 22 23 25 26 27 28 29 30 31 32 33 34 36 37 38 40 41 42 43 44 45 47 48 49 50 51 52 54 55 56 57 58 59 60 61 62 63 64 65 67 68 69 70 71 73 74 75 76 77 78 79 80 81 82 84 85 86 87 88 89 90 91 92 93 94 95 96 97 98 100 101 102 103 104 105 106 107 109 111 112 113 114 115 116 117 118 120 121 122 123 124 125 126 127 128 129 133 134 135 136 137 0
136 135 49 92 62 112 122 33 99 39 108 0
135 99 33 49 92 108 66 122 62 112 39 0
99 49 122 39 33 92 108 66 62 112 0
-46 92 122 39 33 112 108 0
-135 46 33 122 39 0
136 130 122 39 33 110 0
-136 49 92 112 122 39 33 108 0
49 92 39 33 122 108 112 0
92 112 33 108 39 122 0
-136 62 33 71 122 131 112 0
33 39 49 66 71 83 99 108 109 112 122 125 131 135 0
d 18 19 20 21 22 23 25 26 27 28 29 30 31 32 33 34 36 37 38 39 40 41 42 43 44 45 47 48 49 50 51 52 54 55 56 57 58 59 60 61 63 64 65 66 67 68 69 70 71 73 74 75 76 77 79 80 81 82 83 84 85 86 87 88 90 91 93 94 95 96 97 98 99 100 101 102 103 104 105 106 107 108 109 111 112 113 114 115 116 118 120 121 122 123 124 125 126 127 128 129 131 133 134 135 137 0
-130 39 33 71 109 112 122 125 131 135 132 -13 0
39 53 136 122 33 131 71 109 112 125 135 132 -13 0
33 35 49 62 71 72 108 109 117 122 125 131 132 135 0
d 18 19 21 22 23 24 25 26 27 28 29 30 31 32 33 34 35 36 37 38 40 41 42 43 44 45 47 48 49 50 51 52 54 55 56 57 58 59 60 61 62 63 64 65 67 68 69 70 71 72 73 74 75 76 77 79 80 81 82 84 85 86 87 88 90 91 93 94 95 96 97 98 100 101 102 103 104 105 106 107 108 109 111 113 114 115 116 117 118 120 121 122 123 124 125 126 127 128 129 131 132 133 134 135 137 0
131 108 33 35 49 109 117 122 125 132 135 136 53 0
108 117 33 109 112 49 122 135 136 132 35 0
-39 112 135 33 132 122 49 136 0
78 112 33 39 122 136 0
112 132 122 33 135 136 49 0
-35 132 136 122 49 135 33 0
132 136 135 122 49 33 0
136 33 135 122 49 0
-53 78 135 33 0
33 49 53 62 71 78 89 99 108 109 117 122 132 135 0
d 17 19 21 22 23 24 25 26 27 28 29 30 31 32 33 34 36 37 38 40 41 42 43 44 45 47 48 49 50 51 52 53 54 55 56 57 58 59 60 61 62 63 64 65 67 68 69 70 71 73 74 75 76 77 78 79 80 81 82 84 85 86 87 88 89 90 91 93 94 95 96 97 98 99 100 101 102 103 104 105 106 107 108 109 111 113 114 115 116 117 118 120 121 122 123 124 126 127 128 129 132 133 134 135 137 0
35 49 53 33 78 89 99 108 122 132 135 125 0
49 135 99 33 78 122 89 112 53 132 0
-131 99 53 33 122 0
-108 131 33 122 0
-49 109 33 135 122 99 131 78 0
49 135 33 131 122 53 0
135 99 122 33 78 53 0
-109 130 122 33 136 0
39 130 122 33 78 136 0
-49 130 33 78 136 131 0
33 35 49 66 71 78 92 108 109 119 122 125 131 136 0
d 18 19 21 22 23 24 25 26 27 28 29 30 31 32 33 34 35 36 37 38 40 41 42 43 44 45 47 48 49 50 51 52 54 55 56 57 58 59 60 61 63 64 65 66 67 68 69 70 71 73 74 75 76 77 78 79 80 81 82 84 85 86 87 88 90 91 92 93 94 95 96 97 98 100 101 102 103 104 105 106 107 108 109 111 113 114 115 116 118 119 120 121 122 123 124 125 126 127 128 129 131 133 134 136 137 0
-110 78 35 71 33 92 108 136 0
78 -83 122 33 136 0
33 49 53 62 71 89 92 109 112 119 122 130 132 136 0
d 17 19 20 21 22 23 25 26 27 28 29 30 31 32 33 34 36 37 38 40 41 42 43 44 45 47 48 49 50 51 52 53 54 55 56 57 58 59 60 61 62 63 64 65 67 68 69 70 71 73 74 75 76 77 79 80 81 82 84 85 86 87 88 89 90 91 92 93 94 95 96 97 98 100 101 102 103 104 105 106 107 109 111 112 113 114 115 116 118 119 120 121 122 123 124 126 127 128 129 130 132 133 134 136 137 0
49 72 33 136 131 112 109 122 132 71 0
-78 109 33 122 136 0
33 35 49 62 72 78 83 109 119 122 125 130 131 136 0
d 18 19 21 22 23 24 25 26 27 28 29 30 31 32 33 34 35 36 37 38 40 41 42 43 44 45 47 48 49 50 51 52 54 55 56 57 58 59 60 61 62 63 64 65 67 68 69 70 72 73 74 75 76 77 78 79 80 81 82 83 84 85 86 87 88 90 91 93 94 95 96 97 98 100 101 102 103 104 105 106 107 109 111 113 114 115 116 118 119 120 121 122 123 124 125 126 127 128 129 130 131 133 134 136 137 0
122 33 119 130 131 136 108 0
72 109 108 33 110 49 119 0
109 33 108 119 130 136 131 0
33 130 131 119 136 108 0
35 46 49 62 71 99 108 110 112 117 119 122 131 136 0
d 17 19 20 21 22 23 25 26 27 28 29 30 31 32 34 35 36 37 38 40 41 42 43 44 45 46 47 48 49 50 51 52 54 55 56 57 58 59 60 61 62 63 64 65 67 68 69 70 71 73 74 75 76 77 79 80 81 82 84 85 86 87 88 90 91 93 94 95 96 97 98 99 100 101 102 103 104 105 106 107 108 110 111 112 113 114 115 116 117 118 119 120 121 122 123 124 126 127 128 129 131 133 134 136 137 0
136 99 46 39 108 62 71 49 35 -109 78 0
-72 -109 35 39 108 66 62 46 0
-136 78 39 72 35 112 122 46 119 62 0
78 49 72 110 117 46 66 35 108 112 119 39 62 0
35 46 49 62 71 72 108 110 117 119 122 131 132 136 0
d 17 19 21 22 23 24 25 26 27 28 29 30 31 32 34 35 36 37 38 40 41 42 43 44 45 46 47 48 49 50 51 52 54 55 56 57 58 59 60 61 62 63 64 65 67 68 69 70 71 72 73 74 75 76 77 79 80 81 82 84 85 86 87 88 90 91 93 94 95 96 97 98 100 101 102 103 104 105 106 107 108 110 111 113 114 115 116 117 118 119 120 121 122 123 124 126 127 128 129 131 132 133 134 136 137 0
49 122 35 62 46 72 108 71 119 112 131 132 136 0
35 46 53 62 71 72 99 108 110 117 119 130 131 132 0
d 17 19 21 22 23 24 25 26 27 28 29 30 31 32 34 35 36 37 38 40 41 42 43 44 45 46 47 48 50 51 52 53 54 55 56 57 58 59 60 61 62 63 64 65 67 68 69 70 71 72 73 74 75 76 77 79 80 81 82 84 85 86 87 88 90 91 93 94 95 96 97 98 99 100 101 102 103 104 105 106 107 108 110 111 113 114 115 116 117 118 119 120 121 123 124 126 127 128 129 130 131 132 133 134 137 0
71 112 46 35 72 99 108 110 119 53 122 92 0
112 110 136 46 99 92 53 72 108 35 122 119 0
-112 35 -49 136 108 72 122 0
-71 35 136 122 72 119 -49 108 0
35 39 46 53 62 72 89 99 108 109 122 130 131 132 0
d 19 20 21 22 23 24 25 26 27 28 29 30 31 32 34 35 36 37 38 39 40 41 42 43 44 45 46 47 48 50 51 52 53 54 55 56 57 58 59 60 61 62 63 64 65 67 68 69 70 72 73 74 75 76 77 79 80 81 82 84 85 86 87 88 89 90 91 93 94 95 96 97 98 99 100 101 102 103 104 105 106 107 108 109 111 113 114 115 116 118 120 121 122 123 124 126 127 128 129 130 131 132 133 134 137 0
-135 136 35 72 108 112 122 131 71 0
-49 136 112 72 108 35 122 131 135 0
136 71 122 35 72 108 112 131 0
-119 99 35 72 108 122 130 131 132 112 0
-33 109 99 72 35 108 53 122 130 131 132 135 0
109 71 122 112 131 72 35 108 0
71 112 72 122 108 35 131 0
-109 62 46 35 108 112 72 122 -71 0
109 46 72 108 122 131 112 35 0
46 112 108 35 72 122 131 0
-46 35 131 108 122 0
136 35 108 72 122 131 0
35 108 72 122 131 0
108 72 131 122 0
-108 122 131 0
136 39 78 122 83 33 132 49 0
-35 78 122 99 49 92 108 0
33 122 46 99 35 92 78 -53 0
35 49 62 66 71 78 99 108 109 110 119 122 131 136 0
d 17 18 19 21 22 23 25 26 27 28 29 30 31 32 34 35 36 37 38 40 41 42 43 44 45 47 48 49 50 51 52 54 55 56 57 58 59 60 61 62 63 64 65 66 67 68 69 70 71 73 74 75 76 77 78 79 80 81 82 84 85 86 87 88 90 91 93 94 95 96 97 98 99 100 101 102 103 104 105 106 107 108 109 110 111 113 114 115 116 118 119 120 121 122 123 124 126 127 128 129 131 133 134 136 137 0
-135 122 62 66 35 46 39 0
-72 108 136 135 122 35 109 46 0
108 78 35 122 136 109 46 135 0
78 136 135 35 62 122 109 46 0
-78 122 35 0
35 46 49 62 71 99 108 109 110 117 122 131 132 135 0
d 17 19 20 21 22 23 25 26 27 28 29 30 31 32 34 35 36 37 38 40 41 42 43 44 45 46 47 48 49 50 51 52 54 55 56 57 58 59 60 61 62 63 64 65 67 68 69 70 71 73 74 75 76 77 79 80 81 82 84 85 86 87 88 90 91 93 94 95 96 97 98 99 100 101 102 103 104 105 106 107 108 109 110 111 113 114 115 116 117 118 120 121 122 123 124 126 127 128 129 131 132 133 134 135 137 0
122 131 0
-72 108 131 0
49 78 99 35 131 83 0
-109 78 131 89 132 99 0
35 46 53 62 72 83 99 109 110 117 130 131 132 135 0
d 17 19 20 21 22 23 25 26 27 28 29 30 31 32 34 35 36 37 38 40 41 42 43 44 45 46 47 48 50 51 52 53 54 55 56 57 58 59 60 61 62 63 64 65 67 68 69 70 72 73 74 75 76 77 79 80 81 82 83 84 85 86 87 88 90 91 93 94 95 96 97 98 99 100 101 102 103 104 105 106 107 109 110 111 113 114 115 116 117 118 120 121 123 124 126 127 128 129 130 131 132 133 134 135 137 0
-49 109 78 131 0
109 99 78 131 0
99 78 131 0
78 131 0
49 131 0
33 131 0
131 0
d 136 66 135 33 132 112 92 122 39 131 109 -13 83 0
d -62 131 135 78 39 46 83 117 49 110 66 136 0
d 49 117 135 71 39 131 46 110 83 78 66 136 0
d 109 83 131 117 35 110 49 72 135 136 62 46 0
d 46 49 131 117 72 110 78 135 83 39 136 0
d 136 110 135 112 131 49 78 117 83 46 39 0
d 49 46 135 72 110 92 131 132 -78 136 83 0
d 49 110 135 131 72 83 136 46 39 78 0
d -39 46 49 72 110 135 83 136 131 117 0
d 49 110 135 131 72 83 136 46 117 0
d 136 49 117 71 72 110 83 -46 119 131 132 33 39 89 0
d 136 49 72 110 132 119 83 131 33 71 39 117 89 0
d 136 33 72 46 110 83 -78 0
d 136 33 135 78 132 83 108 72 66 53 92 131 0
d -119 33 72 110 0
d 108 136 99 109 -46 35 78 125 62 119 83 131 53 122 33 112 0
d 108 49 -122 35 99 83 78 33 109 119 125 130 131 0
d -135 122 33 46 99 110 35 92 109 0
d 136 -83 46 33 110 108 109 78 35 122 131 0
d 136 33 135 78 108 110 109 122 46 35 131 0
d 109 -136 72 110 33 35 46 131 83 108 78 0
d 131 89 112 78 132 119 125 99 0
d 99 53 78 125 130 119 -109 110 131 49 117 0
d 99 53 78 131 117 49 -35 110 130 109 0
d 83 71 89 131 35 135 119 0
d 136 33 135 35 49 83 78 99 92 117 131 53 110 0
d 136 33 135 35 49 83 78 99 122 110 46 131 0
d 35 -53 136 83 33 99 110 78 49 131 0
d 49 35 99 131 136 83 110 33 78 117 0
d 33 35 131 117 99 83 110 78 49 0
d 109 83 131 117 78 35 110 99 49 0
d 108 109 110 119 136 122 72 46 35 83 78 89 130 131 66 0
d 108 122 99 -49 78 131 83 35 119 72 112 136 53 109 0
d -119 99 72 136 108 78 46 109 131 83 92 53 35 0
d 122 72 135 78 131 35 136 109 119 46 108 83 110 0
d 108 109 99 -49 78 131 83 136 72 35 122 0
d 108 109 99 -49 78 131 83 136 72 35 0
d 122 62 110 83 46 109 136 72 35 130 131 135 39 78 0
d 109 -108 131 78 136 35 72 83 99 46 122 53 92 0
d 109 131 135 117 39 119 89 0
d 109 -122 89 136 72 131 46 35 83 0
d 109 39 135 78 131 130 46 72 35 83 136 0
d 109 72 135 78 131 35 130 46 83 136 0
d 109 -49 78 131 72 136 83 108 35 122 0
d 109 83 78 131 72 136 135 46 35 0
d 136 35 135 72 131 78 83 109 0
d 136 83 135 35 131 72 109 49 0
d -117 72 131 53 132 109 122 46 83 35 99 135 0
d 109 136 135 131 35 83 72 39 0
d -130 72 35 99 83 136 112 109 119 131 46 0
d 136 83 135 35 131 72 109 0
d -72 83 131 109 35 -53 0
d -72 83 131 109 35 0
d 33 53 135 131 99 62 83 49 108 125 130 122 132 35 0
d 125 131 78 119 72 132 112 99 0
d 33 35 99 112 83 122 62 -49 53 119 72 131 108 0
d 33 83 71 72 62 112 35 122 53 99 131 119 108 132 0
d 35 33 119 108 83 72 99 112 71 53 131 122 132 0
d 122 39 53 35 131 72 46 109 83 99 132 135 62 0
d 108 131 112 119 135 66 35 92 132 99 39 122 110 0
d 53 66 78 135 131 46 136 35 112 99 0
d 136 99 135 125 33 122 131 53 35 62 -83 49 109 0
d 109 35 135 83 131 136 0
d 109 53 135 136 49 122 131 99 35 0
d 122 136 53 131 135 35 109 99 0
d 108 131 132 135 136 122 35 109 99 0
d 109 131 132 135 136 -53 122 108 99 0
d 122 136 132 131 78 99 125 53 0
d 49 53 135 131 99 136 110 78 109 71 122 0
d 122 136 131 53 49 99 110 109 132 78 71 0
d -72 136 53 122 99 131 110 132 0
d 136 108 117 132 130 53 99 119 110 131 -35 72 0
d 122 136 131 53 78 99 35 46 89 117 -33 110 130 132 0
d 122 136 53 110 46 89 78 99 35 131 117 83 130 132 0
d 136 83 131 117 132 46 99 35 -71 110 53 130 0
d 83 131 89 71 35 62 92 119 0
d 83 136 53 131 130 110 112 117 119 46 35 62 0
d 136 130 135 83 131 35 62 0
d 136 130 135 131 62 99 83 49 110 122 78 0
d 49 130 135 131 99 136 62 110 83 78 0
d 136 71 135 99 72 130 83 62 131 -49 132 112 0
d 136 83 72 71 130 99 62 135 112 131 132 0
d 49 131 135 99 72 130 83 33 62 -136 0
d 33 131 135 72 99 62 130 49 -136 0
d -83 33 135 78 131 99 130 132 71 49 92 62 108 125 0
d 122 62 130 83 99 49 110 135 -112 33 131 0
d -136 131 135 62 33 99 112 49 130 -13 0
d 33 131 135 130 99 62 110 83 49 122 0
d 49 130 135 131 99 136 62 33 83 122 0
d 122 33 135 131 130 49 62 99 83 0
d 122 33 135 130 131 49 99 62 0
d 108 33 135 62 99 131 46 122 35 71 72 132 53 0
d -136 33 131 112 71 99 62 130 135 122 132 0
d 122 -78 135 99 130 33 62 131 0
d 122 33 135 131 130 62 99 0
d 136 33 135 131 130 35 62 0
d 122 33 135 130 131 62 0
d 136 83 62 33 122 110 78 49 131 39 130 99 71 119 0
d 136 33 -78 110 83 0
d 108 109 53 39 72 33 83 49 125 130 131 132 0
d 136 33 99 130 131 83 46 53 72 92 39 0
d 136 83 33 130 -49 131 0
d -39 122 135 108 92 71 112 125 131 99 46 0
d -130 92 112 39 33 109 132 131 -13 0
d 122 33 131 135 46 112 125 99 108 71 132 130 0
d 122 33 130 135 46 71 125 108 131 132 99 0
d -135 122 33 46 39 0
d 122 62 112 131 33 71 -136 0
d -130 33 125 71 39 112 122 109 131 135 132 -13 0
d 122 33 135 39 112 136 109 131 71 125 53 132 -13 0
d 122 33 135 131 35 125 108 49 117 109 132 136 53 0
d -108 122 131 33 0
d 122 33 135 99 78 -49 131 109 0
d 122 33 53 131 135 49 0
d 136 -49 78 33 130 131 0
d 122 136 131 33 71 72 49 132 109 112 0
d 122 33 -78 136 109 0
d 122 136 33 119 131 130 108 0
d 108 109 136 119 130 33 131 0
d 108 136 131 119 130 33 0
d 122 72 119 71 49 35 108 136 46 112 131 132 62 0
d 108 -112 136 -49 35 72 122 0
d -135 108 72 71 35 112 122 131 136 0
d 136 131 112 135 108 35 122 72 -49 0
d 122 136 72 108 35 71 112 131 0
d -119 35 112 108 72 122 99 131 132 130 0
d 122 -33 53 108 35 130 72 109 99 131 132 135 0
d 122 109 72 108 131 35 112 71 0
d 122 35 112 72 108 71 131 0
d 122 109 72 131 46 108 112 35 0
d 122 131 112 35 72 46 108 0
d 122 -46 131 35 108 0
d 122 136 131 72 35 108 0
d 122 72 35 108 131 0
d 122 72 131 108 0
d 122 -108 131 0
d -135 122 62 66 35 46 39 0
d -78 122 35 0
d 122 131 0
d -72 108 131 0
d 99 83 78 49 131 35 0
d 131 89 78 -109 132 99 0
d -49 109 78 131 0
d 109 99 78 131 0
d 99 131 78 0
d 78 131 0
d 49 131 0
d 33 131 0
d 13 -78 0
d 6 -89 0
d 14 -89 0
d 13 -112 0
d 10 -119 0
d 14 -119 0
d 13 -131 0
d 14 -131 0
d 13 -132 0
d -132 15 0
d 14 -135 0
d 16 -135 0
d -71 -78 0
d -72 -78 0
d -89 -35 0
d -89 -71 0
d -89 -83 0
d -112 -109 0
d -110 -112 0
d -119 -39 0
d -119 -109 0
d -119 -117 0
d -112 -78 0
d -131 -78 0
d -132 -78 0
d -112 -131 0
d -132 -112 0
d -132 -131 0
d -89 -119 0
d -89 -131 0
d -89 -135 0
d -119 -131 0
d -119 -135 0
d -131 -135 0
d -99 -132 0
d -132 -125 0
d -136 -132 0
d -135 -108 0
d -130 -135 0
d -135 -136 0
d 131 112 -13 78 132 0
d 131 135 119 -14 89 0
d 6 14 0
d 10 14 0
d 13 14 0
d 13 15 0
d 16 14 0
d 117 71 78 135 46 92 39 110 131 83 66 125 49 136 0
d 49 83 110 72 35 132 62 135 109 117 131 136 46 122 0
d 136 117 135 99 35 78 49 83 110 131 39 62 46 122 0
d 122 83 130 110 72 71 119 49 39 62 132 131 136 46 0
d 109 83 72 35 49 110 62 135 39 122 131 66 132 136 0
d 109 83 117 72 110 49 108 33 78 89 66 125 131 136 0
d 136 108 117 110 72 132 46 83 89 49 33 131 39 122 0
d 108 136 53 110 39 132 72 33 49 66 117 131 83 89 0
d 136 49 130 110 53 72 119 83 62 33 117 131 132 71 0
d 136 108 117 46 92 39 53 33 71 122 112 99 131 89 0
d 108 83 130 71 72 110 117 53 46 33 119 99 131 132 0
d 136 33 110 117 71 72 53 119 130 99 62 112 131 83 0
d 35 136 53 110 119 83 62 130 78 72 33 117 131 99 0
d 108 109 117 72 130 110 125 33 35 89 92 46 131 132 0
d 136 83 53 130 46 110 132 33 92 117 72 131 109 89 0
d 35 136 53 110 119 83 130 49 117 33 72 131 132 62 0
d 109 131 132 135 136 83 122 72 35 117 62 53 33 49 0
d 108 49 66 53 99 131 78 130 83 33 125 109 119 35 0
d 136 33 130 99 62 83 35 72 131 112 53 119 109 122 0
d 35 109 110 136 130 83 33 62 49 119 72 131 132 122 0
d 108 136 117 33 46 99 110 78 109 35 89 122 131 92 0
d 33 35 117 71 46 110 99 108 92 109 122 131 132 135 0
d 108 109 53 117 71 99 131 33 49 110 130 132 89 62 0
d 136 53 78 117 99 33 39 89 130 49 131 110 62 83 0
d 109 99 135 92 35 53 78 66 33 83 117 131 110 136 0
d 108 49 112 119 35 125 66 72 83 46 122 39 136 131 0
d 49 46 131 119 72 108 35 109 132 66 122 83 110 136 0
d 109 46 53 66 131 136 35 72 108 119 112 122 83 99 0
d 122 136 117 110 78 83 72 109 46 99 35 131 135 62 0
d 122 62 35 99 72 130 132 46 109 83 53 131 39 135 0
d 136 110 89 72 35 53 62 92 109 66 130 131 132 39 0
d 122 33 135 35 132 49 131 99 108 53 117 71 109 62 0
d 108 117 135 112 33 99 46 72 35 83 122 109 131 125 0
d 122 33 131 135 35 49 125 62 136 78 117 71 92 109 0
d 122 33 117 135 108 46 71 109 92 35 99 125 131 112 0
d 108 53 135 117 71 62 109 99 122 46 132 131 72 35 0
d 136 33 135 83 99 62 78 131 110 71 49 117 122 39 0
d 122 33 130 136 39 78 83 109 49 89 62 131 110 99 0
d 108 131 78 62 99 46 72 136 35 110 117 122 89 39 0
d 83 136 53 110 131 130 112 117 72 35 119 99 46 62 0
d 33 117 135 130 71 72 39 99 112 53 62 125 131 83 0
d 122 33 83 46 72 119 131 108 71 130 39 110 99 132 0
d 109 83 66 53 39 33 108 130 89 49 125 72 131 132 0
d 122 99 112 110 39 33 62 71 130 49 83 131 119 136 0
d 109 92 39 33 71 130 62 89 49 122 78 131 125 136 0
d 49 46 39 125 33 71 131 89 109 122 92 130 108 132 0
d 122 136 112 33 99 71 110 131 83 108 119 49 46 117 0
d 108 109 119 46 33 83 99 72 112 130 122 125 71 131 0
d 108 117 89 71 46 33 109 92 53 112 99 125 130 131 0
d 109 39 33 66 131 112 71 83 49 108 122 125 99 135 0
d 33 71 135 35 49 62 108 109 117 122 72 131 132 125 0
d 122 33 66 92 78 35 125 108 109 119 71 49 131 136 0
d 109 83 125 72 33 78 62 49 119 122 35 130 131 136 0
d 49 46 117 112 136 131 108 35 99 62 119 71 110 122 0
d 35 108 117 71 72 110 49 136 62 119 122 131 132 46 0
d 108 62 53 110 117 119 99 35 130 131 72 46 71 132 0
d 122 62 35 72 108 130 46 89 53 109 39 99 131 132 0
d 108 109 110 66 119 78 131 35 136 71 49 122 99 62 0
d 46 49 117 35 132 99 108 71 110 62 122 131 109 135 0
d 83 53 135 46 72 62 99 109 110 117 130 131 132 35 0
39 46 62 72 83 99 110 117 125 130 0
d 17 18 19 21 22 23 25 26 27 28 29 30 31 32 34 36 37 38 39 40 41 42 43 44 45 46 47 48 50 51 52 54 55 56 57 58 59 60 61 62 63 64 65 67 68 69 70 72 73 74 75 76 77 78 79 80 81 82 83 84 85 86 87 88 89 90 91 93 94 95 96 97 98 99 100 101 102 103 104 105 106 107 110 111 112 113 114 115 116 117 118 120 121 123 124 125 126 127 128 129 130 133 134 135 137 0
-33 53 110 99 0
53 110 99 0
-72 66 62 35 46 125 110 0
110 99 0
99 0
-110 0
0
